1: 2 5 16 29 49 71
2: 1 3 25 60 86 100
3: 2 4 17 34 86 127 133 156 160 161
4: 3 28 125 127 181 217
5: 1 8 32 71 120 131 170 191 215 220
6: 44 75 127 138 193 200 223 232 236
7: 16 35 76 89 126 140 177 191 201 224 230
8: 5 43 79 94 139 151 170 188 207 242 249
9: 21 33 87 166 203 220 230 252 254
10: 86 104 152 165 221 232 253 255 256
11: 19 53 60 83 161 172 236 244 261 265 267
12: 47 51 101 157 227 269
13: 23 45 100 127 178 187 253 257 283 285
14: 18 49 64 109 198 220 249 258 290 297
15: 211 273 302 311
16: 1 7 71 125 149 201 242 260 280 319
17: 3 28 74 110 156 206 219 283 287 316 324
18: 14 27 73 154 208 249 284 319 326
19: 11 86 123 134 217 236 293 301 334 335
20: 30 129 153 247 303 341
21: 9 29 82 147 174 230 306 319 344 352
22: 71 154 252 274 297 318 328 354 357
23: 13 36 70 156 181 253 322 330 355 360 363
24: 167 310 343 378
25: 2 34 44 155 267 335 348 376
26: 45 169 199 255 270 339 350 377
27: 18 85 180 284 305 332 354 403
28: 4 17 84 104 283 355 404 405
29: 1 21 120 201 289 306 358 437
30: 20 51 93 182 303 381 395 430 438 440
31: 123 136 200 291 304 382 439 441
32: 5 43 220 412 421 468
33: 9 58 135 252 310 423 463 469
34: 3 25 69 110 161 226 335 418 436 476 480
35: 7 71 112 230 325 337 421 437 470 477
36: 23 148 262 330 342 482 486
37: 64 239 263 375 434 446 478
38: 76 122 352 378 437 483 493
39: 150 332 379 494
40: 75 119 152 218 240 333 350 439 482 496
41: 155 169 221 244 334 353 441 453 486 496 499
42: 172 246 273 335 443 456 499
43: 8 32 52 249 274 462 492 501
44: 6 25 69 164 236 348 364 456 508 510
45: 13 26 70 165 238 283 350 459 510
46: 71 166 284 352 400 463 471 505 512
47: 12 65 153 269 340 386 454 487 519 520
48: 85 140 259 289 357 379 446 470 483 521 528
49: 1 14 170 260 290 358 447 529
50: 84 138 257 291 360 377 473 482 523 530 531
51: 12 30 141 381 475 534
52: 43 77 297 478 494 529 535
53: 11 88 195 265 481 496 531
54: 147 176 391 422 483 497 533
55: 151 276 305 378 400 434 469 492 504 539 546
56: 204 279 381 402 498 507 541 553 554
57: 101 173 292 294 371 415 485 487 524 550 551
58: 33 67 159 284 318 389 478 503 521 558
59: 211 283 322 393 408 523 560
60: 2 11 86 195 267 324 399 412 510 557
61: 97 166 286 325 511 528 558 568
62: 199 273 287 330 404 419 523 532 563 571
63: 89 197 328 403 423 462 494 521 533 564 573
64: 14 37 73 170 297 434 468 501 538 572 583
65: 47 186 313 320 394 449 454 513 517 577 578
66: 115 183 315 452 516 520 551 579 580
67: 58 94 213 343 422 447 478 512 539 587 592
68: 303 345 424 444 540 553 588 593 595
69: 34 44 218 244 293 312 436 456 549 561 600 601
70: 23 45 221 246 296 316 355 439 459 563 597 601 604
71: 1 5 16 22 35 46 79 220 319 354 437 463 492 529 564 601
72: 98 222 247 299 440 464 554 565 598 603 606
73: 18 64 122 188 326 357 445 469 501 535 558 573 601
74: 17 104 119 187 324 360 448 467 560 571 601 610
75: 6 40 107 232 302 563 612 616
76: 7 38 125 230 471 504 564 614
77: 52 87 198 332 478 511 546 572 586 613 618
78: 114 205 341 381 472 490 588 596 621 628
79: 8 71 113 249 380 529 559 587 623 627
80: 102 227 235 366 514 520 578 581 634 635
81: 136 211 265 348 476 499 590 600 643 646
82: 21 120 140 214 352 389 477 502 591 601 626 645
83: 11 123 138 212 267 350 393 480 594 601 629 646 648
84: 28 50 253 482 597 649 653
85: 27 48 124 252 483 505 539 574 638 651
86: 2 3 10 19 60 127 144 219 255 335 404 510 601 612 649 656
87: 9 77 126 147 254 403 493 512 546 584 601 614 651
88: 53 128 256 339 405 496 604 616 653 656 661
89: 7 63 149 224 521 586 658
90: 130 364 406 499 617 661 662
91: 526 611 655 668
92: 103 231 263 373 410 529 558 592 613 659 666
93: 30 141 277 356 430 522 537 621 636 670 678
94: 8 67 109 242 274 380 539 572 601 622 672 680
95: 148 248 282 388 439 530 545 629 649 679 684
96: 167 249 390 546 583 625 680
97: 61 145 281 391 437 528 547 626 651 681 685
98: 72 303 374 397 534 554 644 654 692 698
99: 152 169 399 448 646 684
100: 2 13 156 285 376 557 649 686
101: 12 57 269 420 427 524 577 624 631 694
102: 80 137 271 428 525 578 632 694 695
103: 92 154 286 559 592 651 688 705
104: 10 28 74 175 253 404 560 652 660 690
105: 158 377 453 653
106: 269 428 579 585 635 640 671 701 702
107: 75 291 312 543 563 710
108: 293 316 382 544 566 710 713
109: 14 94 162 260 297 465 574 601 627 659 709 717
110: 17 34 414 556 677 713 721 723
111: 168 419 473 560 679 723
112: 35 423 470 558 681 716 722
113: 79 305 587 613 651 672 729
114: 78 184 266 430 475 588 673 683 720 733 737
115: 66 157 288 455 460 551 664 694 727 731
116: 188 435 477 568 675 685 722
117: 187 270 433 480 676 684 723
118: 457 665 699 735
119: 40 74 175 311 406 482 571 679 686 726 739
120: 5 29 82 139 191 275 437 591 687 728 740
121: 276 309 592 618 680 729
122: 38 73 174 310 483 573 619 681 688 730 741
123: 19 31 83 193 278 335 439 594 690
124: 85 280 318 622 659 742
125: 4 16 76 319 623 743
126: 7 87 146 201 284 325 601 625 666 687 708 742 748
127: 3 4 6 13 86 181 200 283 327 348 418 601 690 744 750 751
128: 88 202 350 425 453 589 604 693 710 751 753
129: 20 182 204 429 606 698 712 746
130: 90 353 456 590 713 753
131: 5 151 463 503 591 716
132: 205 458 506 593 608 706 714 747
133: 3 287 333 436 612 766
134: 19 334 439 616 710 766 769
135: 33 214 469 511 711 722
136: 31 81 190 335 441 600 617 713 724 769 772
137: 102 314 489 632 637 697 701 767
138: 6 50 83 193 339 364 443 523 601 726 757 772 774
139: 8 120 298 619 685 715 729 760
140: 7 48 82 191 337 471 521 601 716 730 761 773
141: 51 93 300 345 621 720 777 779
142: 199 219 530 610 723 739 772
143: 197 479 528 722 741 773
144: 86 200 350 456 532 612 726 781 787
145: 97 167 224 306 483 626 704 728 742 775 782
146: 126 351 627 666 705 729 776
147: 21 54 87 201 352 533 614 667 730 743 785
148: 36 95 223 304 376 482 629 744 778 786 789
149: 16 89 354 638 672 709
150: 39 171 231 494 538 618 675 749 783
151: 8 55 131 207 539 619 795
152: 10 40 99 232 311 646 750 786
153: 20 47 186 520 758 794
154: 18 22 103 319 357 497 651 680 717 742
155: 25 41 236 496 648 751 789
156: 3 17 23 100 316 360 543 649 744 790 803 805
157: 12 115 340 524 609 664 732 799
158: 105 323 363 388 473 544 653 805 806
159: 58 215 505 626 761 809
160: 3 240 324 476 750 803
161: 3 11 34 217 244 399 480 656 751 766 805 814
162: 109 180 329 659 687 729 811
163: 374 401 507 642 657 752 812 815
164: 44 218 246 481 508 556 643 661 753 769 806 814
165: 10 45 221 248 510 560 646 662 772 808
166: 9 46 61 220 375 512 558 645 773 809
167: 24 96 145 378 667 704 741 760 776
168: 111 406 523 652 778 813 822
169: 26 41 99 232 499 571 772 781 817 831
170: 5 8 49 64 188 529 572 711 745 783 819 833
171: 150 230 384 573 773 785 820
172: 11 42 236 412 656 774 787
173: 57 269 361 551 641 691 758 799 828 830
174: 21 122 344 389 533 658 681 715 749 775 825 837
175: 104 119 342 393 414 532 660 679 778 790 839 840
176: 54 259 352 685 782 837
177: 7 241 260 586 666 722 783 838
178: 13 257 350 684 786 803 839
179: 245 261 353 433 515 589 789 805 840
180: 27 162 403 688 729 841
181: 4 23 127 262 355 436 543 690 792 845
182: 30 129 264 356 440 548 698 801 810 849 856
183: 66 233 387 579 665 823 848 851
184: 114 411 599 683 707 861 864
185: 235 576 582 725 791 826 854
186: 65 153 228 578 585 827 855 857
187: 13 74 117 253 413 557 601 684 808 817 850 865
188: 8 73 116 170 252 559 601 685 745 809 820 853 866
189: 292 392 731 735 799 862 863
190: 136 418 453 561 713 867 870
191: 5 7 120 140 280 421 564 687 716 783 825 868
192: 279 372 424 536 562 689 714 812 861 871
193: 6 123 138 425 456 563 690 813 870 872
194: 429 458 540 565 692 719 815 829 864 871 873
195: 53 60 255 610 831 865
196: 464 569 611 698 816 834 873
197: 63 143 284 379 573 703 722 818 837 868 874
198: 14 77 258 434 574 613 704 795 819 838 869 875
199: 26 62 142 283 377 571 723 822 839 870 876
200: 6 31 127 144 262 439 549 726 877 879
201: 7 16 29 126 147 437 708 730 760 825 841 878
202: 128 441 710 734 879 882
203: 9 263 584 618 833 875
204: 56 129 264 442 554 712 738 834 881 885
205: 78 132 266 444 555 621 714 836 885
206: 17 287 388 448 556 739 839 877
207: 8 151 231 587 622 715 809 889
208: 18 391 445 741 837 878
209: 417 697 754 887
210: 314 415 607 609 702 754 826 828 862 890 891
211: 15 59 81 273 721 846 882 896
212: 83 278 629 723 850 886 896
213: 67 239 274 298 400 592 625 745 843 852 889 897
214: 82 135 275 626 722 853 898
215: 5 159 242 728 819 900
216: 300 402 596 642 733 747 844 861 894 902 904
217: 4 19 161 301 405 751 845 906
218: 40 69 164 302 406 496 600 753 867 906 910
219: 17 86 142 283 467 649 739 850 899 907
220: 5 9 14 32 71 166 249 306 468 601 650 740 833 868 900 908
221: 10 41 70 165 304 408 499 601 652 870 903 910 911
222: 72 307 500 603 860 871 904
223: 6 148 473 744 757 912
224: 7 89 145 470 742 761 838 913
225: 269 452 632 731 788 848 883 915 916
226: 34 312 414 476 589 769 867 931
227: 12 80 454 624 634 732 847 917
228: 186 272 635 854 887 917 918
229: 449 630 637 735 788 791 851 855 888 919 920
230: 7 9 21 35 76 171 289 319 423 477 614 658 748 773 868 878 913 929
231: 92 150 207 290 478 659 749 809 869 914 930
232: 6 10 75 152 169 291 316 419 480 508 590 612 660 750 772 870 877 912 931 933
233: 183 268 450 632 640 736 854 858 890 922
234: 336 452 633 641 859 891 922 923
235: 80 185 271 454 635 791 794 857 893 924 925
236: 6 11 19 44 155 172 293 323 481 510 594 616 751 774 872 879 933 934
237: 455 461 793 798 862 895 928
238: 45 296 617 753 882 934
239: 37 213 297 666 875 930
240: 40 160 600 781 877 941
241: 177 259 329 491 759 783 818 852 937
242: 8 16 94 215 260 492 623 672 760 819 853 938
243: 526 621 673 764 784 894 939
244: 11 41 69 161 301 496 601 766 787 879 941 943
245: 179 441 530 789
246: 42 70 164 302 499 604 677 769 882 943 945
247: 20 72 303 500 606 678 771 792 885 936
248: 95 165 304 679 772 886 899 945
249: 8 14 18 43 79 96 220 305 447 501 627 680 795 833 866 889 938 946
250: 506 611 636 683 777 802 894 905 942 950
251: 294 488 671 767 823 827 887 890 928 954 955
252: 9 22 33 85 188 276 318 344 463 511 651 687 782 809 843 875 900 913 951 957
253: 10 13 23 84 104 187 322 342 459 515 649 690 786 808 903 912 952 958
254: 9 87 325 352 469 703 908 929 957 962
255: 10 26 86 195 327 350 467 910 931 958
256: 10 88 353 656 911 933
257: 13 50 178 330 530 803 817 912 959 964 969
258: 14 198 284 659 819 889 965
259: 48 176 241 328 471 528 708 820 852 913 960 966
260: 16 49 109 177 242 329 529 709 853 914 967
261: 11 179 531 557 629 710 805 969
262: 36 181 200 561 971 972
263: 37 92 203 286 358 478 666 833 897 937 965
264: 182 204 536 565 644 669 810 834 932 940 974 981
265: 11 53 81 334 646 933 941 969
266: 114 205 540 569 647 670 720 812 836 942 970 981 986
267: 11 25 60 83 335 364 648 721 814 934 943 988
268: 233 320 518 699 798 847 854 916 919 978 979
269: 12 47 101 106 173 225 313 520 694 701 799 848 855 917 954 981
270: 26 117 339 723 945 988
271: 102 235 392 513 695 702 800 851 857 918 922 955 981
272: 228 315 514 697 854 859 920 924 956 982 983
273: 15 42 62 211 677 975 989 994
274: 22 43 94 213 297 492 680 843 908 990
275: 120 214 298 681 728 818 951 991
276: 55 121 252 343 546 729 875 909 938 980 992
277: 93 345 372 490 678 733 821 842 939 950 981 993
278: 123 212 679 822 952 994
279: 56 192 347 553 655 942 996 999
280: 16 124 191 825 914 998
281: 97 379 502 685 740 957 991
282: 95 377 684 948 958 994
283: 13 17 28 45 59 127 199 219 355 560 686 744 839 850 952 959 997 1001
284: 18 27 46 58 126 197 258 354 505 558 688 742 837 853 889 930 951 960 998 1002
285: 13 100 360 388 510 750 865 958 964 1001
286: 61 103 263 357 391 512 568 705 748 866 897 957 966 1002
287: 17 62 133 206 571 677 959
288: 115 340 415 542 731 736 830 880 953 981 1004 1005
289: 29 48 230 521 708 868 937
290: 14 49 231 319 572 709 869 900 938 1007
291: 31 50 107 232 523 600 870 971 1009 1011
292: 57 189 420 551 883 888 954 1006
293: 19 69 108 236 398 601 710 845 872 972 1011 1014
294: 57 251 427 550 890 956 1010
295: 401 526 603 712 849 873 963 974 1013 1017
296: 70 238 604 713 975 1014 1018
297: 14 22 52 64 109 239 274 326 529 583 717 759 875 908 946 965 1007 1015
298: 139 213 275 718 760 852 947 980 1016
299: 72 374 402 527 606 714 764 856 968 981 1008 1017 1019
300: 141 216 588 861 970 1020 1023
301: 19 217 244 589 612 690 879 972 1024 1025
302: 15 75 218 246 590 616 693 724 867 882 975 995 1025 1026
303: 20 30 68 98 247 381 409 537 593 698 777 885 981 996 1020 1029
304: 31 148 221 248 382 594 617 726 778 870 886 997 1026 1030
305: 27 55 113 249 332 539 729 889 957 1021 1027
306: 21 29 145 220 591 730 775 868 998 1028
307: 222 383 595 706 779 871 986 999 1023 1029 1033
308: 385 738 780 873 1000 1033 1038
309: 121 422 546 897 962 990 1027
310: 24 33 122 389 423 547 741 782 874 898 991 1002 1028 1040
311: 15 119 152 393 419 545 739 786 876 896 994 1001 1026 1042
312: 69 107 226 600 710 995 1047
313: 65 269 367 578 763 917 973 978 1034 1035
314: 137 210 369 579 862 915 919 976 1036 1037
315: 66 272 371 455 580 767 863 916 920 977 981 1006 1037
316: 17 70 108 156 232 601 713 790 877 899 997 1047 1050
317: 365 575 582 762 768 917 922 979 982 1039 1041
318: 22 58 124 252 343 742 900 965
319: 16 18 21 71 125 154 230 290 601 743 878 901 938 967 998 1048
320: 65 268 366 577 585 763 919 924 981 984 1043 1044
321: 457 578 765 920 925 985 1044
322: 23 59 253 744 792 903 1049
323: 158 236 398 604 879 1050 1051
324: 17 60 74 160 404 557 610 721 803 907 1001 1047
325: 35 61 126 254 351 437 558 748 908
326: 18 73 297 403 559 909 946 1002 1048 1052
327: 127 255 439 560 643 750 910 1009 1049
328: 22 63 259 564 913 1056
329: 162 241 260 613 914 951 980 1057
330: 23 36 62 257 563 912 1058 1059
331: 411 570 620 756 812 902 927 1008 1020 1055 1063
332: 27 39 77 305 410 574 618 811 930 957 992 1007 1057 1062
333: 40 133 571 931 1009 1058
334: 19 41 134 265 453 766 933 1011 1024 1059 1074
335: 19 25 34 42 86 123 136 267 418 456 656 769 906 934 1014 1025 1074 1078
336: 234 396 605 793 799 891 949 1004 1037 1067 1068
337: 35 140 421 463 773 818 908 1028 1061 1077
338: 424 458 771 821 1017 1063
339: 26 88 138 270 425 459 661 772 822 910 1018 1026 1064 1078
340: 47 157 288 394 487 602 799 953 1045 1073 1075
341: 20 78 430 628 746 936 1020 1066
342: 36 175 253 629 912 1080
343: 24 67 276 318 373 587 625 776 938 965 1002 1021 1069 1081
344: 21 174 252 626 825 913 1082
345: 68 141 277 466 588 777 939 1022 1032 1072
346: 432 747 829 1023
347: 279 642 669 921 942 1084
348: 25 44 81 127 436 643 751 943 1025 1085
349: 644 670 752 926 944 1084 1087
350: 26 40 45 83 128 144 178 255 439 646 753 781 839 931 945 1026 1047 1080 1085 1088
351: 146 325 592 946 1027 1081
352: 21 38 46 82 147 176 254 437 471 645 785 837 929 947 1028 1048 1082 1086
353: 41 130 179 256 441 648 787 840 933 1030 1050 1088
354: 22 27 71 149 284 380 650 951 1007 1089
355: 23 28 70 181 283 597 652 677 790 952 1083 1090
356: 93 182 797 935 1054 1087 1091 1094
357: 22 48 73 154 286 390 483 601 957 990 1015 1056 1089
358: 29 49 263 391 937 991 1016 1057
359: 451 802 844 939 1055 1094
360: 23 50 74 156 285 482 601 803 958 1049 1058 1090
361: 173 823 828 922 1067 1092 1093
362: 513 824 830 923 1031 1068 1093
363: 23 158 486 604 684 805 845 1059
364: 44 90 138 267 456 661 774 846 943 1051 1106
365: 317 428 633 973 979 1037 1096 1097
366: 80 320 431 624 635 835 976 981 1035 1039 1098 1100
367: 313 637 978 982 1037 1043 1101
368: 630 639 979 983 1044 1101
369: 314 631 640 984 1039 1102
370: 490 608 807 856 1053 1063 1094
371: 57 315 426 524 632 641 981 985 1041 1045 1079 1102 1104
372: 192 277 466 668 780 861 950 1055 1066 1099 1109
373: 92 343 465 666 967 1002 1057
374: 98 163 299 498 615 698 812 968 1072
375: 37 166 468 502 1077 1107
376: 25 100 148 617 789 867 1108 1114
377: 26 50 105 199 282 473 676 817 870 958 1064 1080 1110 1114
378: 24 38 55 167 504 619 1040 1081 1111
379: 39 48 197 281 470 505 675 820 868 957 1061 1082 1112 1115
380: 79 94 354 623 680 980 1007 1048 1069 1118
381: 30 51 56 78 303 475 507 621 682 712 801 981 1072 1113 1119 1122
382: 31 108 304 713 1083 1120
383: 307 509 714 804 829 961 986 1076 1084 1122 1125
384: 171 477 512 874 962 1077 1086 1115
385: 308 719 834 963 1087 1125
386: 47 449 848 858 953 1092
387: 183 542 851 859 1060 1093
388: 95 158 206 285 482 684 806 877 964 1080 1128
389: 58 82 174 310 422 521 626 837 991 1089 1117
390: 96 357 627 992 1015 1052 1081 1118
391: 54 97 208 286 358 483 685 878 966 1016 1082
392: 189 271 460 665 862 955 1003 1067 1096 1124 1126
393: 59 83 175 311 523 629 721 839 994 1090 1120
394: 65 340 663 1003 1068 1071 1101 1129
395: 30 636 689 810 996 1136
396: 336 457 550 664 862 1004 1070 1073 1102 1131 1132
397: 98 692 812 999 1084 1136 1139
398: 293 323 693 726 813 972 1137 1140
399: 60 99 161 814 1085 1128
400: 46 55 213 492 889 1138
401: 163 295 495 698 815 974 1000 1087 1095 1139 1141
402: 56 216 299 498 706 738 816 894 981 1099 1133 1141 1144
403: 27 63 87 180 326 533 651 703 1002 1027 1062 1089 1134 1143
404: 28 62 86 104 324 532 649 1001 1090 1135
405: 28 88 217 653 739 822 1137 1146
406: 90 119 168 218 846 989 1108 1140 1146 1147
407: 506 537 902 993 1094 1109 1141
408: 59 221 850 903 994 1110 1142 1147
409: 303 507 714 834 905 996 1099 1150 1155
410: 92 332 659 1007 1081 1152
411: 184 331 541 657 746 861 1008 1113 1145 1154 1159
412: 32 60 172 510 907 1106 1164
413: 187 515 545 662 865 910 1114 1147
414: 110 175 226 721 840 1012 1108 1148 1166
415: 57 210 288 487 691 883 890 981 1092 1124 1156 1157
416: 488 884 891 1093 1126 1157
417: 209 484 575 887 893 983 1031 1127 1158
418: 34 127 190 335 549 751 867 1014 1116 1171
419: 62 111 232 311 523 723 912 1001 1110 1151 1166
420: 101 292 694 1034 1162 1164
421: 32 35 191 337 462 868 1117 1167
422: 54 67 309 389 667 1016 1086 1111 1118 1153
423: 33 63 112 230 310 521 722 913 1002 1112 1169
424: 68 192 338 553 668 1017 1119 1154
425: 128 193 339 753 870 1018 1120 1171
426: 371 700 1035 1041 1097 1101 1165
427: 101 294 701 1036 1043 1098
428: 102 106 365 694 702 895 1037 1044 1100 1102
429: 129 194 554 871 1019 1122 1159
430: 30 93 114 341 670 733 921 1020 1113 1160 1173 1175
431: 366 489 696 1039 1045 1101 1170
432: 346 674 737 756 844 926 1023 1175 1176
433: 117 179 530 557 931 1114 1128 1166
434: 37 55 64 198 469 875 1130 1168
435: 116 528 559 929 1115 1169
436: 34 69 133 181 348 561 677 766 845 1025 1116 1180
437: 29 35 38 71 97 120 201 325 352 564 681 740 878 1028 1117 1134 1172 1178
438: 30 562 678 849 1119 1173
439: 31 40 70 95 123 134 200 327 350 563 679 769 877 1009 1026 1120 1135 1174 1180 1181
440: 30 72 182 534 565 771 856 1029 1122 1136 1175 1184
441: 31 41 136 202 245 353 566 772 879 1011 1030 1137 1181 1185
442: 204 536 569 860 881 935 1013 1033 1125 1139 1176 1184
443: 42 138 774 882 1014 1140 1185 1186
444: 68 205 540 570 885 939 1017 1038 1141 1177
445: 73 208 573 685 1040 1143 1178
446: 37 48 479 538 574 937 1015 1077 1130 1179
447: 49 67 249 539 745 938 1016
448: 74 99 206 571 684 1042 1180
449: 65 229 386 517 919 1003 1187
450: 233 519 915 1004 1156 1188
451: 359 780 894 1022 1145 1183 1195
452: 66 225 234 520 725 916 922 1005 1157 1188
453: 41 105 128 190 334 544 751 781 870 1024 1050 1137 1196 1199
454: 47 65 227 235 513 917 924 1060 1121 1158 1189 1191
455: 115 237 315 524 731 928 1006 1065 1124 1162 1194
456: 42 44 69 130 144 193 335 364 549 753 787 872 1025 1051 1140 1148 1199 1201
457: 118 321 396 735 1065 1070 1126 1129 1165
458: 132 194 338 553 873 950 1141 1150 1190 1200
459: 45 70 253 339 899 952 1026 1142 1151 1201
460: 115 392 727 736 928 1010 1067 1071 1127 1131 1197 1198
461: 237 607 731 1068 1132 1198
462: 43 63 421 494 587 1027 1115 1153
463: 33 46 71 131 252 337 901 951 1028 1202
464: 72 196 554 792 1029 1144 1155
465: 109 373 497 709 759 1057 1089 1118
466: 345 372 707 764 797 905 1032 1055 1145 1160 1203 1204
467: 74 219 255 560 907 958 1042 1147 1166 1201
468: 32 64 220 375 501 591 711 908 1167 1205
469: 33 55 73 135 254 434 558 909 957 1040 1149 1169 1202 1206
470: 35 48 112 224 379 504 716 913 1061 1130 1172 1208
471: 46 76 140 259 352 564 773 960 1048 1210
472: 78 596 714 1063 1154 1173 1203
473: 50 111 158 223 377 597 806 912 1049 1064 1174 1211
474: 567 598 719 807 892 961 1159 1175 1204
475: 51 114 381 599 720 810 921 1072 1164 1215
476: 34 81 160 226 600 721 1074
477: 35 82 116 230 384 601 722 929 1077 1167 1178 1208
478: 37 52 58 67 77 231 263 512 572 930 965 1107 1138 1168 1179 1209 1214
479: 143 446 573 966 1052 1169 1210
480: 34 83 117 161 232 601 723 814 931 1078 1171 1180 1211
481: 53 164 236 604 933 1181
482: 36 40 50 84 119 148 360 388 726 786 971 1058 1080 1174 1212 1223 1225
483: 38 48 54 85 122 145 357 391 730 782 1056 1082 1111 1172 1182 1213 1222
484: 417 551 755 955 1157 1194 1217
485: 57 552 624 956 1041 1093 1158 1218
486: 36 41 363 734 789 817 903 972 1059 1225
487: 47 57 340 415 631 758 954 1045 1092 1158 1197 1221
488: 251 416 632 754 955 1046 1093 1163 1198 1221 1224
489: 137 431 767 1096 1101 1226
490: 78 277 370 588 796 936 981 1063 1177 1190 1219 1227
491: 241 528 613 937
492: 43 55 71 242 274 400 529 938 1149 1228
493: 38 87 614 741 1086 1178 1192 1222
494: 39 52 63 150 462 586 1062 1115 1179
495: 401 801 829 940 1087 1229 1230
496: 40 41 53 88 155 218 244 589 616 831 910 941 1088 1181 1196 1225 1231
497: 54 154 465 743 1118 1182
498: 56 374 402 804 834 942 1072 1183 1230 1232
499: 41 42 81 90 169 221 246 590 617 911 943 989 1074 1185 1199 1231 1233
500: 222 247 593 993 1200 1227
501: 43 64 73 249 468 535 619 745 946 990 1161 1228
502: 82 281 375 591 947 991 1077 1202
503: 58 131 539 951 1168 1236
504: 55 76 378 470 623 1081 1130 1169
505: 46 85 159 284 379 809 998 1082
506: 132 250 407 621 747 950 1094 1195 1203 1230 1237
507: 56 163 381 409 599 812 932 1099 1239 1245
508: 44 164 232 600 814 933 1199
509: 383 815 1084 1103 1245 1250
510: 44 45 60 86 165 236 285 412 601 934 1001 1085 1106 1201 1207 1235
511: 61 77 135 252 546 626 957 1107 1208 1236
512: 46 67 87 166 286 384 478 601 1002 1086 1138 1202 1210
513: 65 271 362 454 579 973 981 1068 1121 1188 1217 1241 1242
514: 80 272 581 791 976 982 1070 1187 1189 1218 1243 1244
515: 179 253 413 629 958 1211 1238
516: 66 582 977 983 1191 1244
517: 65 449 575 978 984 1071 1188 1246
518: 268 576 585 663 788 979 985 1121 1193 1220 1246 1247
519: 47 450 577 1073 1189 1248
520: 47 66 80 153 269 452 578 664 794 981 987 1075 1191 1221 1248 1249
521: 48 58 63 89 140 289 389 423 638 761 818 960 1089 1112 1179 1213 1253
522: 93 636 756 821 935 1109 1203 1239
523: 50 59 62 138 168 291 393 419 757 822 846 959 1090 1110 1212 1240 1255
524: 57 101 157 371 455 799 1079 1124 1129 1197 1226 1251
525: 102 793 800 1126 1198 1251
526: 91 243 295 611 1091 1216 1250 1256
527: 299 615 1008 1094 1219 1252 1256
528: 48 61 97 143 259 435 491 651 773 966 1115 1208 1222 1253
529: 49 52 71 79 92 170 260 297 492 559 613 833 967 1007 1149 1209 1254 1257
530: 50 95 142 245 257 433 649 772 964 1009 1114 1211 1223 1255
531: 50 53 261 653 774 865 948 969 1011 1225
532: 62 144 175 404 839 1212
533: 54 63 147 174 403 837 1153 1213
534: 51 98 440 654 779 1122 1215 1260
535: 52 73 501 618 1015 1161 1214 1257
536: 192 264 442 655 780 871 974 1125 1229 1260 1264
537: 93 303 407 621 842 1020 1109 1219 1258 1261
538: 64 150 446 573 659 783 1130 1167
539: 55 67 85 94 151 305 447 503 574 622 843 980 1021 1111 1168 1202 1262
540: 68 194 266 444 657 784 873 981 1022 1230 1259 1264 1265
541: 56 411 844 1113 1133 1266
542: 288 387 602 1004 1093 1241 1263
543: 107 156 181 790 1135 1269
544: 108 158 453 845 877 1137 1269 1272
545: 95 311 413 629 1026 1114 1235
546: 55 77 87 96 276 309 511 584 625 667 795 992 1027 1138 1206 1228 1262
547: 97 310 626 1028 1115 1271
548: 182 669 797 849 961 1139 1229 1274
549: 69 200 418 456 879 995 1116 1140 1272 1275
550: 57 294 396 828 1102 1156 1218 1267
551: 57 66 115 173 292 484 609 694 823 830 1006 1010 1104 1157 1221 1251 1267 1268
552: 485 607 696 832 1105 1158 1163 1220 1270
553: 56 68 279 424 458 642 670 802 856 881 963 996 1032 1119 1141 1230 1239 1266 1274 1276
554: 56 72 98 204 429 464 644 674 860 885 968 999 1122 1144 1232 1245 1276 1277
555: 205 647 1000 1125 1250 1277
556: 110 164 206 677 806 1146 1234 1272 1279
557: 60 100 187 261 324 433 649 865 1047 1128 1235
558: 58 61 73 92 112 166 284 325 469 592 650 681 809 1002 1149 1214 1236 1253 1273 1278
559: 79 103 188 326 435 529 651 866 1048
560: 59 74 104 111 165 283 327 467 652 679 808 1001 1049 1147 1238 1255 1275 1279
561: 69 190 262 436 867 972 1148 1280
562: 192 438 974 1150 1239 1282
563: 62 70 75 107 193 330 439 870 975 1135 1151 1240 1280 1283
564: 63 71 76 191 328 437 471 868 1134 1281
565: 72 194 264 440 654 871 981 1136 1155 1245 1282 1284
566: 108 441 872 899 1137 1283
567: 474 815 902 1159
568: 61 116 286 685 1161 1278
569: 196 266 442 655 873 986 1054 1139 1250 1284 1285
570: 331 444 657 1055 1141 1252 1258 1285
571: 62 74 119 169 199 287 333 448 660 686 817 876 989 1058 1166 1255 1280
572: 64 77 94 170 290 478 601 819 1007 1168 1228 1288
573: 63 73 122 171 197 445 479 538 658 688 820 874 1056 1143 1169 1253 1281
574: 85 109 198 332 446 539 659 875 1057 1202 1254
575: 317 417 517 634 854 1039 1127 1188 1243 1289 1290
576: 185 518 635 1041 1244 1290
577: 65 101 320 519 624 855 1034 1043 1129 1189 1241 1292
578: 65 80 102 186 313 321 520 637 847 857 1035 1044 1187 1191 1242 1246 1292 1293
579: 66 106 183 314 513 630 640 727 848 859 1037 1045 1132 1188 1193 1244 1248 1267 1294 1295
580: 66 315 641 731 851 1046 1249 1268 1295 1296
581: 80 514 632 1039 1189 1246 1297
582: 185 317 516 633 732 854 1041 1191 1247 1270 1297
583: 64 96 297 704 833 1015 1205 1288
584: 87 203 546 666 1062 1206 1257
585: 106 186 320 518 635 855 1044 1193 1249 1299
586: 77 89 177 494 614 709 838 1152 1179 1208
587: 67 79 113 207 343 462 672 889 1069 1153 1209 1300
588: 68 78 114 300 345 490 673 707 836 892 1020 1072 1154 1177 1259 1266 1298 1301
589: 128 179 226 301 496 710 840 931 1024 1181 1269
590: 81 130 232 302 499 713 933 1025 1185 1272 1304
591: 82 120 131 306 468 502 619 716 1028 1167 1273 1303
592: 67 92 103 121 213 351 558 680 718 897 1081 1214 1262 1300
593: 68 132 303 500 682 714 842 1264 1274 1301
594: 83 123 236 304 934 1026 1171 1186 1275 1304
595: 68 307 719 1029 1265 1276
596: 78 216 472 683 902 1173 1190 1266 1302 1305 1308
597: 70 84 355 473 903 1083 1174 1306
598: 72 474 904 936 1008 1084 1175 1308
599: 184 475 507 940 1310 1312
600: 69 81 136 218 240 291 312 476 508 724 846 906 941 1011 1199 1272 1314
601: 69 70 71 73 74 82 83 86 87 94 109 126 127 138 140 187 188 220 221 244 293 316 319 357 360 477 480 510 512 572 627 687 690 726 730 850 853 908 910 943 1014 1047 1048 1089 1090 1178 1180 1201 1202 1228 1257 1273 1275 1280 1281 1306 1307 1313 1314 1318
602: 340 542 663 1067 1073 1163 1294 1311
603: 72 222 295 692 1017 1276 1282 1308
604: 70 88 128 246 296 323 363 481 693 734 911 945 1018 1050 1181 1283 1318
605: 336 754 880 1068 1075 1295 1311
606: 72 129 247 299 698 738 1019 1091 1184 1277 1284 1319
607: 210 461 552 671 883 891 1079 1217 1220 1267 1315 1317
608: 132 370 706 1094 1285 1319
609: 157 210 551 890 1079 1221 1270
610: 74 142 195 324 739 865 1279 1314
611: 91 196 250 526 1054 1316 1320 1322
612: 75 86 133 144 232 301 931 1025 1207 1280
613: 77 92 113 198 329 491 529 651 869 1057 1209 1236 1262 1321
614: 76 87 147 230 493 586 708 743 929 1192 1210 1281
615: 374 527 1055 1195 1298 1322
616: 75 88 134 236 302 496 710 933 1026 1196 1283
617: 90 136 238 304 376 499 713 934 1030 1108 1199
618: 77 121 150 203 332 535 749 875 1062 1214 1288 1321
619: 122 139 151 378 501 591 715 1111 1271 1300
620: 331 747 1063 1291 1301 1322
621: 78 93 141 205 243 381 506 537 720 939 1066 1113 1203 1219 1298 1302 1324 1325
622: 94 124 207 539 659 1069 1273
623: 79 125 242 380 504 938 1254 1326
624: 101 227 366 485 577 696 917 1098 1241 1289 1327
625: 96 126 213 343 546 666 760 889 1081 1228 1278
626: 82 97 145 159 214 344 389 511 547 667 728 761 1082 1117 1208 1307 1335
627: 79 109 146 249 390 601 729 946 1118 1257 1300 1326
628: 78 341 733 756 885 1119 1227 1301 1305 1325
629: 83 95 148 212 261 342 393 515 545 757 886 948 1080 1120 1211 1306 1337
630: 229 368 579 699 920 1101 1244 1287 1292 1328 1329
631: 101 369 487 1197 1289 1330
632: 102 137 225 233 371 488 581 701 915 922 1096 1102 1198 1241 1246 1290 1294 1315 1330 1331
633: 234 365 582 702 793 916 923 1097 1104 1242 1247 1295 1317 1331
634: 80 227 575 694 924 1098 1243 1248 1292 1332
635: 80 106 228 235 366 576 585 695 917 925 1100 1105 1244 1249 1293 1297 1332 1333
636: 93 250 395 522 950 1054 1302
637: 137 229 367 578 697 919 1101 1246 1295 1334 1336
638: 85 149 521 951 1213 1338
639: 368 798 920 1247 1296 1299 1336
640: 106 233 369 579 699 1102 1248 1297
641: 173 234 371 580 700 799 922 1104 1249
642: 163 216 347 553 894 974 1230 1310 1339 1341
643: 81 164 327 348 769 1231
644: 98 264 349 554 770 981 1084 1215 1232 1312 1341 1343
645: 82 166 352 740 773 898 1086 1303 1313 1335
646: 81 83 99 152 165 265 350 772 896 1085 1233 1304 1314 1337
647: 266 555 986 1087 1316 1343 1346
648: 83 155 267 353 774 988 1088 1318
649: 84 86 95 100 156 219 253 404 530 557 744 899 958 1135 1223 1235 1306 1344
650: 220 354 558 680 775 900 1089 1236 1288
651: 85 87 97 103 113 154 252 403 528 559 613 742 901 957 1134 1222 1262 1307 1338 1345
652: 104 168 221 355 560 778 903 989 1090 1238 1340
653: 84 88 105 158 405 531 1064 1137 1225
654: 98 534 565 961 996 1072 1245 1312 1347 1348
655: 91 279 536 569 963 999 1076 1095 1229 1250 1316 1323 1348 1350
656: 86 88 161 172 256 335 751 787 1078 1318
657: 163 411 540 570 752 968 1000 1099 1145 1230 1252 1324 1350 1354
658: 89 174 230 573 913 1253
659: 92 109 124 162 231 258 410 538 574 622 688 914 965 1254 1273 1300 1349
660: 104 175 232 571 790 912 1255
661: 88 90 164 339 364 753 1146 1231
662: 90 165 413 1106 1147 1233
663: 394 518 602 1123 1129 1220 1309 1328 1351
664: 115 157 396 520 953 1124 1131 1221 1330 1352
665: 118 183 392 736 823 949 1126 1132 1224 1263 1311 1331 1352 1353
666: 92 126 146 177 239 263 373 584 625 705 759 930 1152 1257 1278 1321 1349
667: 147 167 422 546 626 760 1153 1326
668: 91 372 424 764 802 927 1109 1154 1237 1256 1322 1325 1350 1357
669: 264 347 548 974 1084 1323 1359
670: 93 266 349 430 553 981 1087 1160 1239 1258 1324 1359 1362
671: 106 251 607 954 1267 1356
672: 94 113 149 242 587 709 1307 1360
673: 114 243 588 1113 1164 1259 1361
674: 432 554 770 986 1245 1362 1363
675: 116 150 379 809 1115 1167 1335 1355
676: 117 377 808 1114 1171 1337
677: 110 246 273 287 355 436 556 989 1358 1364
678: 93 247 277 438 777 936 993 1091 1173 1261 1325 1359
679: 95 111 119 175 248 278 439 560 778 994 1012 1174 1255 1364
680: 94 96 121 154 249 274 380 592 650 717 938 990 1118 1262 1288 1313 1360 1365
681: 97 112 122 174 275 437 558 718 775 991 1172 1253 1338 1366
682: 381 593 812 939 1013 1119 1264 1339 1361
683: 114 184 250 596 942 1266 1367 1368
684: 95 99 117 178 187 282 363 388 448 786 817 945 1128 1180 1337 1344 1364
685: 97 116 139 176 188 281 391 445 568 782 820 947 1178 1271 1335 1345 1366
686: 100 119 283 571 790 1001 1108
687: 120 126 162 191 252 601 729 825 951 1134 1273 1321 1371
688: 103 122 180 284 573 659 1002 1182 1300 1338
689: 192 395 950 1274 1339 1367
690: 104 123 127 181 193 253 301 601 792 952 1025 1135 1275 1340 1374 1380
691: 173 415 758 848 1157 1163 1249 1352 1369 1370
692: 98 194 397 603 829 1136 1276 1341 1347 1368 1382
693: 128 302 398 604 1026 1137 1380
694: 101 102 115 269 420 428 551 634 981 1162 1251 1286 1292 1327 1330 1373
695: 102 271 635 767 973 1287 1293 1331 1373 1375
696: 431 552 624 982 1289 1294 1328 1376
697: 137 209 272 637 768 976 983 1170 1290 1295 1329 1332 1376 1377
698: 98 129 182 196 303 374 401 606 801 834 1029 1139 1260 1277 1343 1348 1382 1383
699: 118 268 630 640 762 978 985 1165 1292 1297 1331 1334 1378 1379
700: 426 641 979 1293 1336 1379
701: 106 137 269 427 632 763 987 1294 1332 1381
702: 106 210 271 428 633 765 862 981 1295 1299 1333 1356 1381
703: 197 254 403 837 957 1143 1278 1371
704: 145 167 198 583 741 838 1303 1349
705: 103 146 286 666 1192 1345
706: 132 307 402 608 804 836 1033 1141 1195 1264 1346 1350 1372 1383
707: 184 466 588 1008 1266 1384
708: 126 201 259 289 614 841 960 1281
709: 109 149 260 290 465 586 672 743 1007 1307 1326 1385
710: 107 108 128 134 202 261 293 312 589 616 1011 1047 1120 1269 1283 1386 1388
711: 135 170 468 745 1149 1355
712: 129 204 295 381 810 1013 1122 1284 1348 1389
713: 108 110 130 136 190 296 316 382 590 617 1014 1050 1148 1272 1358 1388 1390
714: 132 192 205 299 383 409 472 593 812 1017 1125 1150 1203 1274 1285 1350 1359 1384 1389 1393
715: 139 174 207 619 749 1153 1335 1360 1391
716: 112 131 140 191 470 591 1273 1392
717: 109 154 297 680 811 967 1015 1313 1349 1385
718: 298 592 681 1016
719: 194 385 474 595 815 1019 1155 1204 1276 1354 1362 1393
720: 114 141 266 475 621 970 1022 1054 1160 1298 1387 1395
721: 110 211 267 324 393 414 476 846 1388 1397
722: 112 116 135 143 177 197 214 423 477 818 853 1169 1208 1278 1355 1366 1392
723: 110 111 117 142 199 212 270 419 480 822 850 1166 1211 1279 1364 1390 1397
724: 136 302 600 1025 1137 1358
725: 185 452 794 880 1370 1396
726: 119 138 144 200 304 398 482 601 1026 1140 1212 1280 1403
727: 115 460 579 1004 1197 1267 1398
728: 120 145 215 275 626 760 1172
729: 113 121 139 146 162 180 276 305 627 687 980 1027 1300 1321 1345 1360 1394
730: 122 140 147 201 306 483 601 825 1028 1213 1281 1402
731: 115 189 225 288 455 461 580 799 883 1005 1194 1198 1268 1309 1352 1373 1398 1399
732: 157 227 582 793 1270 1311 1351 1376
733: 114 216 277 430 628 861 981 1173 1301 1361 1367 1395
734: 202 486 604 1030 1142 1283 1403
735: 118 189 229 457 888 1003 1353 1379 1400
736: 233 288 460 665 798 890 1004 1198 1311 1381 1401
737: 114 432 864 986 1063 1175 1215 1368
738: 204 308 402 606 834 1033 1144 1216 1284 1363 1404
739: 119 142 206 219 311 405 610 839 1042 1146 1223 1364
740: 120 220 281 437 645 868 991 1178 1303 1371
741: 122 143 167 208 310 493 704 837 1040 1222 1366 1402
742: 124 126 145 154 224 284 318 651 776 998 1182 1307 1349 1407
743: 125 147 319 497 614 709 841 1048 1326 1408
744: 127 148 156 223 283 322 649 997 1049 1306
745: 170 188 213 447 501 711 843 1228
746: 129 341 411 1000 1159 1229 1405 1409
747: 132 216 346 506 620 844 1053 1190 1230 1301 1372 1384 1406 1409
748: 126 230 286 325 878 1002 1192 1313 1371 1407
749: 150 174 231 618 715 785 1335 1385
750: 127 152 160 232 285 327 877 1001 1314 1374
751: 127 128 155 161 217 236 348 418 453 656 845 879 1085 1171 1196 1318 1380 1386
752: 163 349 657 1087 1387 1413
753: 128 130 164 218 238 350 425 456 661 882 1088 1199 1234 1388
754: 209 210 488 605 828 915 1031 1217 1221 1295 1369 1398 1411 1412
755: 484 830 916 1224 1296 1370 1399 1412
756: 331 432 522 628 861 1063 1176 1239 1305 1384 1418
757: 138 223 523 629 1064 1240 1306
758: 153 173 487 691 827 1221 1401 1415
759: 241 297 465 666 1007 1321 1365
760: 139 167 201 242 298 625 667 728 1366 1394
761: 140 159 224 521 626 1061 1307
762: 317 699 835 1041 1327 1331 1376
763: 313 320 701 1034 1044 1328 1332 1373 1378 1416
764: 243 299 466 668 894 1008 1091 1203 1322 1395 1413
765: 321 702 1035 1329 1333 1375 1379 1416
766: 133 134 161 244 334 436 1180 1386
767: 137 251 315 489 695 928 1037 1046 1331 1336 1377 1381 1417 1419
768: 317 697 1039 1332 1379 1420
769: 134 136 164 226 246 335 439 643 867 1012 1074 1181 1388 1423
770: 644 674 1076 1099 1183 1312 1422 1425
771: 247 338 440 1184 1389 1418
772: 136 138 142 165 169 232 248 339 441 530 646 870 899 1078 1185 1207 1255 1314 1390 1423
773: 140 143 166 171 230 337 471 528 645 868 901 1077 1210 1253 1313 1392 1402 1424
774: 138 172 236 364 443 531 648 872 1106 1186 1318 1403
775: 145 174 306 650 681 1213
776: 146 167 343 742 1081 1326 1349 1394
777: 141 250 303 345 678 905 1020 1325 1395 1421
778: 148 168 175 304 652 679 1108 1212
779: 141 307 534 1023 1109 1195 1422 1427
780: 308 372 451 536 1216 1320 1405 1425 1427 1429
781: 144 169 240 350 453 877 1085 1199
782: 145 176 252 310 483 685 913 1028 1222 1335 1407
783: 150 170 177 191 241 538 820 914 1321 1355
784: 243 540 1219 1259 1322 1406 1426 1429
785: 147 171 352 749 878 1086 1402 1408
786: 148 152 178 253 311 482 684 912 1026 1223 1337
787: 144 172 244 353 456 656 879 1088 1201 1403
788: 225 229 518 855 1246 1428
789: 148 155 179 245 376 486 1030 1114 1225
790: 156 175 316 355 543 660 686 1090
791: 185 229 235 514 851 1244 1414 1433
792: 181 247 322 464 690 885 1116 1261 1340 1404 1408 1435
793: 237 336 525 633 732 862 1068 1251 1317 1351 1398
794: 153 235 520 725 857 953 1060 1249 1415 1435
795: 151 198 249 546 889 1262
796: 490 892 927 1038 1227 1264 1409 1429
797: 356 466 548 1091 1204 1342 1405 1430 1439
798: 237 268 639 736 1065 1351 1399 1400 1416 1436
799: 157 173 189 269 336 340 524 641 731 954 1067 1075 1251 1352 1401 1417 1437 1438
800: 271 525 955 1068 1353 1419 1438
801: 182 381 495 698 932 1122 1229 1343 1410 1440
802: 250 359 553 668 894 1094 1266 1325 1406 1434 1439
803: 156 160 178 257 324 360 1047 1344
804: 383 498 706 1125 1230 1346 1413 1440
805: 156 158 161 179 261 363 1050 1128 1211 1269
806: 158 164 388 473 556 1051 1272 1442
807: 370 474 902 936 1274 1409 1418 1439
808: 165 187 253 560 676 903 1235 1275 1337 1442
809: 159 166 188 207 231 252 505 558 675 900 1107 1273 1335 1443
810: 182 264 395 475 712 940 1054 1136 1215 1348 1410 1444
811: 162 332 717 1057 1349 1371
812: 163 192 266 331 374 397 507 682 714 942 1055 1139 1239 1339 1350 1413 1421 1441 1444 1445
813: 168 193 398 1140 1240 1340
814: 161 164 267 399 480 508 906 943
815: 163 194 401 509 567 719 944 1141 1245 1341 1354 1422 1445 1446
816: 196 402 1144 1250 1343 1425 1446 1448
817: 169 187 257 377 486 571 684 912 1114 1280 1344
818: 197 241 275 337 521 722 852 951 1061 1253 1355
819: 170 198 215 242 258 572 853 1254
820: 171 188 259 379 573 685 783 913 1115 1281 1345
821: 277 338 522 950 1063 1357 1444
822: 168 199 278 339 405 523 723 952 1064 1146 1255
823: 183 251 361 551 665 890 1093 1267 1331 1411 1447
824: 362 891 973 1268 1412 1447
825: 174 191 201 280 344 687 730 1117
826: 185 210 884 893 976 1270 1333 1370 1414 1449
827: 186 251 758 887 978 1336 1412 1436
828: 173 210 361 550 754 888 1092 1267 1369 1414 1437 1450
829: 194 346 383 495 692 926 1122 1150 1230 1347 1362 1422 1454 1456
830: 173 288 362 551 755 981 1093 1268 1370 1415 1438 1450
831: 169 195 496 931 1231 1423
832: 552 891 982 1270
833: 170 203 220 249 263 529 583 866 1257 1288
834: 196 204 264 385 409 498 698 738 932 1125 1155 1232 1348 1363 1425 1430 1456 1457
835: 366 762 895 1098 1105 1376 1381 1416
836: 205 266 588 706 1258 1298 1350 1426 1434 1457
837: 174 176 197 208 284 352 389 533 703 741 960 1082 1366 1391
838: 177 198 224 586 704 1130 1349 1392 1458
839: 175 178 199 206 283 350 393 532 739 959 1080 1234 1364 1451
840: 175 179 353 414 589 1166 1238 1455
841: 180 201 708 743 1134 1394
842: 277 537 593 939 1261 1301 1357 1429 1439 1457
843: 213 252 274 539 745 875 1262
844: 216 359 432 541 747 970 1176 1266 1361 1372 1441 1460
845: 181 217 293 363 436 544 751 972 1180 1269 1380
846: 211 364 406 523 600 721 1146 1468
847: 227 268 578 919 1121 1292 1351
848: 183 225 269 386 579 691 1286 1294 1352 1461
849: 182 295 438 548 974 1091 1382
850: 187 212 219 283 408 601 723 952 1147 1306 1364 1468
851: 183 229 271 387 580 791 922 1287 1295 1353 1431 1447 1461 1463
852: 213 241 259 298 818 980 1365 1424
853: 188 214 242 260 284 601 722 819 951 1149 1307 1366 1469
854: 185 228 233 268 272 575 582 916 924 1290 1297 1396 1428 1433 1449 1464 1465
855: 186 229 269 577 585 788 917 1292 1431 1466
856: 182 299 370 440 553 981 1094 1184 1274 1383 1440 1444 1460
857: 186 235 271 578 794 918 1003 1121 1293 1299 1432 1466
858: 233 386 919 1294 1433 1467
859: 234 272 387 579 920 1004 1295 1396 1450 1467
860: 222 442 554 986 1276 1445
861: 184 192 216 300 372 411 733 756 1099 1154 1310 1367 1384 1441 1462 1472 1473
862: 189 210 237 314 392 396 702 793 1124 1132 1356 1398 1400 1437 1452 1470 1471
863: 189 315 1006 1126 1399 1438 1453 1471
864: 184 194 737 1103 1159 1190 1259 1312 1368 1473
865: 187 195 285 413 531 557 610 958 1106 1314 1442 1468
866: 188 249 286 559 833 957 1161 1313 1443 1469
867: 190 218 226 302 376 418 561 769 995 1108 1196 1388
868: 191 197 220 230 289 306 379 421 564 740 773 998 1112 1167 1281 1371 1392 1474
869: 198 231 290 613 901 1168
870: 190 193 199 221 232 291 304 377 425 453 563 772 997 1110 1171 1199 1280 1374 1390 1451
871: 192 194 222 307 429 536 565 961 999 1200 1264 1282 1393 1445 1454 1473 1475
872: 193 236 293 456 566 774 1201 1283 1380 1455
873: 194 196 295 308 458 540 569 963 1000 1265 1284 1320 1382 1446 1456 1475 1476
874: 197 310 384 573 1002 1115 1474
875: 198 203 239 252 276 297 434 574 618 843 909 965 1321 1458
876: 199 311 571 1001 1114 1397
877: 200 206 232 240 316 388 439 544 750 781 971 1180 1272 1451
878: 201 208 230 319 391 437 748 785 1178 1402
879: 200 202 236 244 301 323 441 549 751 787 972 1181 1207 1275 1386 1403 1455 1482
880: 288 605 725 953 1309 1311 1370 1461
881: 204 442 553 974 1184 1276 1456
882: 202 211 238 246 302 443 753 975 1185 1388 1482
883: 225 292 415 607 731 954 1157 1315 1373 1480
884: 416 826 955 1317 1375 1447 1480
885: 204 205 247 303 444 554 628 792 981 1277 1325 1389 1404 1457 1459 1478
886: 212 248 304 629 1186 1390
887: 209 228 251 417 827 956 1377 1412 1449
888: 229 292 735 828 1034 1379 1414 1447
889: 207 213 249 258 284 305 400 587 625 795 930 1300 1391 1443
890: 210 233 251 294 415 609 736 823 1036 1156 1163 1315 1381 1411 1449 1470 1483
891: 210 234 336 416 607 824 832 1037 1157 1317 1412 1450 1471 1483
892: 474 588 796 1008 1301 1460 1479
893: 235 417 826 955 1039 1158 1414 1415
894: 216 243 250 402 451 642 764 802 1133 1195 1216 1302 1395 1406 1462 1481 1484
895: 237 428 835 1162 1416 1452
896: 211 212 311 646 994 1337 1397 1468
897: 213 263 286 309 592 990 1016 1138
898: 214 310 645 991 1335 1469
899: 219 248 316 459 566 649 772 997 1201
900: 215 220 252 290 318 650 809 938 1307 1485
901: 319 463 651 773 869 998 1202 1338 1402
902: 216 331 407 567 596 807 1020 1141 1305 1339 1409 1460 1472 1484
903: 221 253 322 408 486 597 652 808 1142 1306 1340 1486
904: 216 222 598 1023 1144 1227 1291 1308 1341 1473
905: 250 409 466 777 1203 1462
906: 217 218 335 600 814 1025 1146
907: 219 324 412 467 1001 1344 1468
908: 220 254 274 297 325 337 468 601 946 1028 1149 1205 1313 1474 1485 1487
909: 276 326 469 875 1002 1206 1345 1469
910: 218 221 255 327 339 413 496 601 1026 1147 1231 1314 1486
911: 221 256 499 604 1030 1233 1318
912: 223 232 253 257 330 342 419 473 660 786 817 1151 1211 1493
913: 224 230 252 259 328 344 423 470 658 782 820 1208 1407 1458
914: 231 260 280 329 659 783 1209
915: 225 314 450 632 754 1188 1330 1398
916: 225 268 315 452 633 755 854 981 1331 1399 1428 1461 1480
917: 227 228 269 313 317 454 624 635 855 973 982 1191 1327 1332 1431 1464 1488 1489
918: 228 271 857 983 1333 1432 1465 1489
919: 229 268 314 320 449 637 847 858 976 984 1193 1328 1334 1400 1433 1461 1490
920: 229 272 315 321 630 639 859 977 985 1065 1187 1329 1336 1428 1463 1466 1490
921: 347 430 475 1160 1421 1495
922: 233 234 271 317 361 452 632 641 851 979 987 1067 1188 1331 1431 1465 1467 1483 1491 1492
923: 234 362 633 1068 1432 1492
924: 235 272 320 454 634 854 981 1189 1332 1433 1466 1494
925: 235 321 635 1070 1191 1333 1435 1494
926: 349 432 829 1215 1239 1422 1495 1496
927: 331 668 796 1008 1350 1409 1478
928: 237 251 455 460 767 1198 1436 1470
929: 230 254 352 435 477 614 1048 1169 1424 1474
930: 231 239 284 332 478 666 889 1007 1214 1349 1443
931: 226 232 255 333 350 433 480 589 612 831 1009 1047 1166 1423
932: 264 507 801 834 1245 1323 1410 1425 1496 1497
933: 232 236 256 265 334 353 481 508 590 616 1011 1050 1304 1493
934: 236 238 267 335 510 594 617 1014 1051 1482
935: 356 442 522 1054 1176 1427 1477 1496 1499
936: 247 341 490 598 678 807 1020 1227 1359 1418 1478
937: 241 263 289 358 446 491 966 1057 1179
938: 242 249 276 290 319 343 447 492 623 680 900 967 1021 1228 1326 1360 1469 1498
939: 243 277 345 359 444 621 682 842 1022 1055 1177 1325 1361 1429 1479 1484 1497 1499
940: 264 495 599 810 1229 1312 1430 1500
941: 240 244 265 496 600 1024 1314
942: 250 266 279 347 498 683 812 1230 1316 1421 1434 1481 1500 1501
943: 244 246 267 348 364 499 601 814 1025 1231 1318 1482
944: 349 815 1232 1258 1422 1501
945: 246 248 270 350 604 684 1026 1233 1364 1423
946: 249 297 326 351 501 627 908 1027 1365 1498
947: 298 352 502 685 1028 1366 1424
948: 282 531 629 1064 1186 1337 1486
949: 336 665 1004 1352 1412 1502
950: 250 277 372 458 506 636 689 821 1032 1066 1190 1237 1320 1367 1439 1484 1500
951: 252 275 284 329 354 463 503 638 687 818 853 980 1236 1338
952: 253 278 283 355 459 690 822 850 1238 1504
953: 288 340 386 664 794 880 1003 1092 1352 1415 1491 1503
954: 251 269 292 487 671 799 883 1221 1417 1505
955: 251 271 392 484 488 800 884 893 1010 1096 1217 1224 1356 1419 1447 1483 1505
956: 272 294 485 887 1006 1098 1218 1420 1449 1450
957: 252 254 281 286 305 332 357 379 469 511 651 703 866 992 1082 1202 1345 1371 1443 1485
958: 253 255 282 285 360 377 467 515 649 865 1049 1080 1201 1344 1374 1442 1486 1504
959: 257 283 287 523 839 1255
960: 259 284 471 521 708 837 1253
961: 383 474 548 654 871 1084 1204 1274 1347 1445 1495
962: 254 309 384 1086 1206 1487
963: 295 385 553 655 873 1087 1276 1348 1446 1496 1506
964: 257 285 388 530 1058 1207
965: 258 263 297 318 343 478 659 875 1002 1209 1349
966: 259 286 391 479 528 937 1056 1210
967: 260 319 373 529 717 938 1057 1257 1385 1469
968: 299 374 554 657 1277 1350 1440 1448 1497 1506
969: 257 261 265 531 1059 1337 1386 1493
970: 266 300 720 844 1259 1387 1441 1507
971: 262 291 482 877 1212 1451
972: 262 293 301 398 486 561 845 879 1280 1340 1455 1512
973: 313 365 513 695 824 917 1037 1242 1373
974: 264 295 401 536 562 642 669 849 881 1095 1216 1260 1282 1341 1456 1496 1513
975: 273 296 302 563 882 1283 1358 1512
976: 314 366 514 697 826 919 1039 1244 1376 1461 1488
977: 315 516 920 1041 1377 1463 1489
978: 268 313 367 517 699 827 1043 1246 1378 1436 1464 1508
979: 268 317 365 368 518 700 922 1044 1123 1247 1379 1465 1490 1508
980: 276 298 329 380 539 729 852 951 1069 1262 1394
981: 264 266 269 271 277 288 299 303 315 320 366 371 381 402 415 490 513 520 540 565 644 670 694 702 733 830 856 885 916 924 1035 1045 1072 1099 1124 1219 1241 1249 1264 1284 1343 1359 1373 1381 1395 1438 1444 1457 1461 1466 1489 1491 1497 1500 1505 1507 1509 1510 1513 1514
982: 272 317 367 514 696 832 917 1037 1243 1376 1464 1467 1490 1511
983: 272 368 417 516 697 918 1127 1244 1377 1465 1494 1511
984: 320 369 517 919 1039 1378 1491
985: 321 371 518 699 920 1041 1129 1246 1379 1466 1492
986: 266 307 383 569 647 674 737 860 1076 1103 1265 1285 1346 1362 1445 1501 1514
987: 520 701 922 1044 1131 1248 1381 1467 1494
988: 267 270 648 1078 1106 1397
989: 273 406 499 571 652 677 1108 1512
990: 274 309 357 501 680 897 1015 1111 1228 1365 1487
991: 275 281 310 358 389 502 681 740 898 1016 1112 1366
992: 276 332 390 546 957 1081 1498
993: 277 407 500 678 1109 1227 1499 1513
994: 273 278 282 311 393 408 679 896 1110 1364 1504
995: 302 312 549 867 1272 1515
996: 279 303 395 409 553 654 1274 1348 1459 1500
997: 283 304 316 744 870 899 1083 1275 1451 1515
998: 280 284 306 319 505 742 868 901 1273 1516
999: 279 307 397 554 655 871 1084 1276 1350 1454 1501
1000: 308 401 555 657 746 873 1087 1277 1354 1405 1456
1001: 283 285 311 324 404 419 510 560 686 750 876 907 1090 1235 1279 1468 1504 1515
1002: 284 286 310 326 343 373 403 423 512 558 688 748 874 909 965 1089 1278 1407 1469 1516
1003: 392 394 449 735 857 953 1071 1400 1502 1508
1004: 288 336 396 450 542 727 736 859 949 1065 1073 1156 1398 1401 1450 1509 1517
1005: 288 452 731 1075 1157 1263 1399 1503 1510 1517
1006: 292 315 455 551 863 956 1079 1162 1268 1453 1480 1505
1007: 290 297 332 354 380 410 529 572 709 759 930 1048 1254 1288 1385 1485 1498 1518
1008: 299 331 411 527 598 707 764 892 927 1133 1252 1291 1384 1413 1460 1507 1519
1009: 291 327 333 439 530 931 1135 1255
1010: 294 460 551 955 1267 1483
1011: 291 293 334 441 531 600 710 933 1137 1314 1386
1012: 414 679 769 1108
1013: 295 442 682 712 1139 1475
1014: 293 296 335 418 443 601 713 934 1140 1318 1388 1512
1015: 297 357 390 446 535 583 717 990 1052 1257 1487 1518
1016: 298 358 391 422 447 718 897 991 1111
1017: 295 299 338 424 444 603 714 1141 1256 1389 1476 1506 1513 1519
1018: 296 339 425 604 1142 1390
1019: 299 429 606 719 1144 1319 1393 1514
1020: 300 303 331 341 430 537 588 777 902 936 1113 1258 1301 1421 1472 1478 1507 1521
1021: 305 343 539 938 1057 1394
1022: 345 451 540 720 939 1145 1259 1320 1395 1479 1520
1023: 300 307 346 432 779 904 1372 1422 1473
1024: 301 334 453 589 941 1374
1025: 301 302 335 348 436 456 590 612 690 724 906 943 1116 1148 1380 1482 1512 1523
1026: 302 304 311 339 350 439 459 545 594 616 693 726 786 910 945 1120 1151 1304 1515 1523
1027: 305 309 351 403 462 546 729 946 1062 1153 1262
1028: 306 310 337 352 437 463 547 591 730 782 908 947 1117 1303 1402 1474 1516 1522
1029: 303 307 440 464 595 698 1122 1155 1383 1514
1030: 304 353 441 617 734 789 911 1403
1031: 362 417 754 1188 1412 1415 1517 1524
1032: 345 466 553 950 1160 1266 1484
1033: 307 308 442 706 738 1125 1427 1475
1034: 313 420 577 763 888 1292 1488 1525
1035: 313 366 426 578 765 981 1101 1293 1416 1489 1508 1525
1036: 314 427 890 1294 1470 1526
1037: 314 315 336 365 367 428 579 767 891 973 982 1102 1286 1295 1417 1471 1490 1509 1526 1527
1038: 308 444 796 1404 1429 1476
1039: 317 366 369 431 575 581 768 893 976 984 1096 1289 1297 1488 1491 1508 1528
1040: 310 378 445 469 741 1169 1271 1522
1041: 317 371 426 485 576 582 762 977 985 1097 1105 1290 1420 1489 1492 1511 1528
1042: 311 448 467 739 1166 1523
1043: 320 367 427 577 978 1098 1509 1529
1044: 320 321 368 428 578 585 763 979 987 1100 1292 1299 1416 1490 1494 1510 1529 1530
1045: 340 371 431 487 579 981 1101 1197 1294 1417 1491 1511 1531
1046: 488 580 767 1198 1295 1419 1492 1531
1047: 312 316 324 350 557 601 710 803 931 1135 1314 1388 1515
1048: 319 326 352 380 471 559 601 743 929 1007 1134 1313 1408 1498 1516 1532
1049: 322 327 360 473 560 744 958 1174 1275 1486
1050: 316 323 353 453 604 713 805 933 1137 1318 1390
1051: 323 364 456 806 934 1140 1482 1534
1052: 326 390 479 1015 1143 1532
1053: 370 747 1177 1409 1440 1519
1054: 356 569 611 636 720 810 935 1320 1533 1535
1055: 331 359 372 466 570 615 812 939 1145 1322 1342 1441 1484 1535
1056: 328 357 483 573 966 1182 1281
1057: 329 332 358 373 465 574 613 811 937 967 1021 1321
1058: 330 333 360 482 571 964 1280
1059: 330 334 363 486 969 1283 1344 1493
1060: 387 454 794 1121 1431 1524
1061: 337 379 470 761 818 1485
1062: 332 403 494 584 618 1027 1152 1518
1063: 331 338 370 472 490 620 737 756 821 1154 1190 1285 1418 1444 1519 1521 1535
1064: 339 377 473 653 757 822 948 1486
1065: 455 457 798 920 1004 1129 1436 1525
1066: 341 372 621 950 1160 1325 1405
1067: 336 361 392 460 602 799 922 1123 1131 1311 1437 1483 1526 1536
1068: 336 362 394 461 513 605 793 800 923 1132 1217 1309 1438 1502 1517 1527 1536
1069: 343 380 587 622 980 1516
1070: 396 457 514 925 1126 1218 1503 1528
1071: 394 460 517 1003 1127 1436 1517 1529 1537
1072: 345 374 381 475 498 588 654 981 1164 1298 1348 1421 1497 1520 1538 1539
1073: 340 396 519 602 1004 1129 1437
1074: 334 335 476 499 769 1199
1075: 340 520 605 799 1005 1221 1311 1438 1503 1531
1076: 383 655 770 986 1350 1422 1539
1077: 337 375 384 446 477 502 773 1167 1202 1424 1487 1522
1078: 335 339 480 656 772 988 1171 1201 1423 1523
1079: 371 524 607 609 1006 1226 1315 1505
1080: 342 350 377 388 482 629 839 958 1174 1337 1451
1081: 343 351 378 390 410 504 592 625 776 992 1300 1498
1082: 344 352 379 391 483 505 626 837 957 1172 1335
1083: 355 382 597 997 1340 1358
1084: 347 349 383 397 509 598 644 669 961 999 1341 1359 1413 1495 1501 1540 1541
1085: 348 350 399 510 646 751 781 1180 1207 1523
1086: 352 384 422 493 512 645 785 962 1178 1210 1522 1532
1087: 349 356 385 401 495 647 670 752 963 1000 1343 1362 1430 1496 1533 1541 1542
1088: 350 353 496 648 753 787 1181
1089: 354 357 389 403 465 521 601 650 1002 1118 1213 1307 1518
1090: 355 360 393 404 523 601 652 790 1001 1212 1306 1504
1091: 356 526 606 678 764 797 849 1216 1541 1546
1092: 361 386 415 487 828 953 1491 1543
1093: 361 362 387 416 485 488 542 823 830 1163 1241 1447 1450 1492 1524 1536 1543
1094: 356 359 370 407 506 527 608 802 856 1195 1219 1439 1460 1499 1535 1542 1546
1095: 401 655 974 1348 1422 1533
1096: 365 392 489 632 955 1039 1331 1452 1508 1526
1097: 365 426 633 1041 1453 1527
1098: 366 427 624 634 835 956 1043 1162 1332 1509 1525 1544
1099: 372 402 409 507 657 770 861 981 1350 1425 1462 1500 1548
1100: 366 428 635 1044 1170 1327 1333 1510 1528 1544
1101: 367 368 394 426 431 489 630 637 1035 1045 1328 1336 1508 1511 1527 1529 1545
1102: 369 371 396 428 550 632 640 1037 1165 1330 1452 1509 1528 1547
1103: 509 864 986 1354 1426 1501 1548
1104: 371 551 633 641 1251 1331 1453 1510 1531 1547
1105: 552 635 835 1041 1332 1511 1530
1106: 364 412 510 662 774 865 988 1201 1468 1534
1107: 375 478 511 809 1138 1443
1108: 376 406 414 617 686 778 867 989 1012
1109: 372 407 522 537 668 779 993 1203 1357 1427 1472 1535
1110: 377 408 419 523 870 994 1504
1111: 378 422 483 539 619 990 1016 1522
1112: 379 423 521 868 991 1355
1113: 381 411 430 541 621 673 1020 1324 1361 1507
1114: 376 377 413 433 530 545 676 789 817 876 1211 1235
1115: 379 384 435 462 494 528 547 675 820 874 1208 1474
1116: 418 436 549 792 1025 1386 1512
1117: 389 421 437 626 825 1028 1153
1118: 380 390 422 465 497 627 680 1089 1326 1365 1518 1532
1119: 381 424 438 553 628 682 1239 1325 1513 1538
1120: 382 393 425 439 629 710 1026 1240 1388 1451
1121: 454 513 518 847 857 1060 1193 1466
1122: 381 383 429 440 534 554 712 801 829 1029 1215 1245 1389 1440 1454 1514 1539 1540
1123: 663 979 1067 1351
1124: 392 415 455 524 664 862 981 1197 1352 1470 1505 1549
1125: 383 385 442 536 555 714 804 834 1033 1250 1393 1456 1477 1541
1126: 392 416 457 525 665 863 1070 1198 1353 1471 1536 1549
1127: 417 460 575 983 1071 1194 1517 1544
1128: 388 399 433 557 684 805 1223
1129: 394 457 524 577 663 985 1065 1073 1536 1545
1130: 434 446 470 504 538 838 1169 1254 1458
1131: 396 460 664 987 1067 1470
1132: 396 461 579 665 862 1068 1267 1352 1471 1517 1547
1133: 402 541 894 1008 1372 1481 1507
1134: 403 437 564 651 687 841 1048 1338 1371 1516
1135: 404 439 543 563 649 690 1009 1047 1374 1515
1136: 395 397 440 565 692 810 1444 1540
1137: 398 405 441 453 544 566 653 693 724 1011 1050 1380
1138: 400 478 512 546 897 1107 1228
1139: 397 401 442 548 569 698 812 1013 1229 1342 1382 1445 1541 1550
1140: 398 406 443 456 549 726 813 1014 1051 1403 1512 1551
1141: 401 402 407 444 458 553 570 706 815 902 1017 1230 1258 1383 1446 1459 1484 1513 1542 1550
1142: 408 459 734 903 1018 1551
1143: 403 445 573 703 1052 1345
1144: 402 464 554 738 816 904 1019 1232 1404 1448 1514 1548
1145: 411 451 466 657 1022 1055 1405 1462
1146: 405 406 556 661 739 822 846 906 1234
1147: 406 408 413 467 560 662 850 910 1238 1468 1486 1551
1148: 414 456 561 713 1025 1388 1455
1149: 469 492 529 558 711 853 908 1236 1469 1485
1150: 409 458 562 714 829 1239 1389 1456
1151: 419 459 563 912 1026 1240 1390 1515
1152: 410 586 666 1062 1192 1349 1518
1153: 422 462 533 587 667 715 1027 1117 1391
1154: 411 424 472 588 668 861 1063 1266 1350 1472 1519
1155: 409 464 565 719 834 1029 1245 1393 1457 1548
1156: 415 450 550 890 1004 1369 1509
1157: 415 416 452 484 551 691 883 891 1005 1221 1286 1370 1480 1483 1510 1543 1549 1552
1158: 417 454 485 487 552 893 1217 1289 1511 1524
1159: 411 429 474 567 746 864 1354 1409 1473
1160: 430 466 670 720 921 1032 1066 1395
1161: 501 535 568 866 1271 1487
1162: 420 455 694 895 1006 1098 1226 1373 1525 1553
1163: 488 552 602 691 890 1093 1220 1294 1369 1483 1524
1164: 412 420 475 673 1072 1410 1520
1165: 426 457 699 1102 1379 1525 1528 1545
1166: 414 419 433 467 571 723 840 931 1042 1255 1397
1167: 421 468 477 538 591 675 868 1077 1273 1355 1474
1168: 434 478 503 539 572 869 1202
1169: 423 435 469 479 504 573 722 929 1040 1130 1253
1170: 431 697 1100 1376 1528 1531
1171: 418 425 480 594 676 751 870 1078 1275
1172: 437 470 483 681 728 1082
1173: 430 438 472 596 678 733 1359 1521
1174: 439 473 482 597 679 1049 1080
1175: 430 432 440 474 598 737 1362 1418 1460 1495
1176: 432 442 756 844 935 1363 1496 1554
1177: 444 490 588 939 1053 1259 1478 1497 1519 1554
1178: 437 445 477 493 601 685 740 878 1086 1281 1366 1522
1179: 446 478 494 521 586 937 1210 1518
1180: 436 439 448 480 601 684 766 845 877 1085 1280 1364 1523
1181: 439 441 481 496 589 604 769 879 1088 1283 1423
1182: 483 497 688 742 1056 1407
1183: 451 498 770 1425 1481 1520
1184: 440 442 606 771 856 881 1260 1284
1185: 441 443 499 590 772 882 1482
1186: 443 594 774 886 948 1551
1187: 449 514 578 920 1246 1490
1188: 450 452 513 517 575 579 915 922 1031 1248 1396 1491 1517 1555
1189: 454 514 519 577 581 924 1241 1488
1190: 458 490 596 747 864 950 1063 1266 1409 1500 1521
1191: 454 516 520 578 582 917 925 1242 1489 1494
1192: 493 614 705 748 1152 1532
1193: 518 579 585 919 1121 1244 1490
1194: 455 484 731 1127 1251 1399 1549 1553
1195: 451 506 615 706 779 894 1094 1298 1372 1427 1484
1196: 453 496 616 751 867 1269
1197: 460 487 524 631 727 1045 1124 1401
1198: 460 461 488 525 632 731 736 928 1046 1126 1315 1398 1536 1537
1199: 453 456 499 508 600 617 753 781 870 1074 1272
1200: 458 500 871 1274 1475 1550
1201: 456 459 467 510 601 787 872 899 958 1078 1106 1275 1504 1523 1534 1551
1202: 463 469 502 512 539 574 601 901 957 1077 1168 1273 1522
1203: 466 472 506 522 621 714 764 905 1109 1302 1384 1477 1535 1556
1204: 466 474 719 797 961 1439 1479 1557
1205: 468 583 908 1303 1487 1534
1206: 469 546 584 909 962 1278
1207: 510 612 772 879 964 1085 1280 1423 1482
1208: 470 477 511 528 586 626 722 913 1115 1307 1392
1209: 478 529 587 613 914 965
1210: 471 479 512 614 773 966 1086 1179 1281 1424 1532
1211: 473 480 515 530 629 723 805 912 1114 1306 1390
1212: 482 523 532 726 778 971 1090
1213: 483 521 533 638 730 775 1089
1214: 478 535 558 592 618 930 1288
1215: 475 534 644 737 810 926 1122 1312 1444 1495 1539
1216: 526 738 780 894 974 1091 1427 1560
1217: 484 513 607 754 955 1068 1158 1267 1412 1505 1527
1218: 485 514 550 956 1070 1414 1528 1543 1558
1219: 490 527 537 621 784 981 1094 1298 1429 1507 1535 1560
1220: 518 552 607 663 1163 1328 1530 1552
1221: 487 488 520 551 609 664 754 758 954 1075 1157 1330 1411 1415 1505 1531 1543 1559
1222: 483 493 528 651 741 782 1402
1223: 482 530 649 739 786 1128
1224: 488 665 755 955 1331 1412 1559
1225: 482 486 496 531 653 789 1403 1486
1226: 489 524 1079 1162 1417 1545
1227: 490 500 628 796 904 936 993 1301 1404 1513 1554 1560
1228: 492 501 546 572 601 625 745 938 990 1138 1257 1498
1229: 495 536 548 655 746 801 940 1139 1323 1405 1454 1541
1230: 495 498 506 540 553 642 657 747 804 829 942 1141 1324 1406 1440 1456 1500 1538 1542 1556
1231: 496 499 643 661 831 910 943
1232: 498 554 644 834 944 1144 1457 1501 1539 1557
1233: 499 646 662 911 945 1304
1234: 556 753 839 1146
1235: 510 545 557 649 808 1001 1114 1306 1442 1515
1236: 503 511 558 613 650 951 1149 1262
1237: 506 668 950 1325 1409 1546
1238: 515 560 652 840 952 1147 1504 1561
1239: 507 522 553 562 670 756 812 926 1119 1150 1310 1444 1496 1556
1240: 523 563 757 813 1120 1151
1241: 513 542 577 624 632 981 1093 1189 1294 1431 1509 1536 1562
1242: 513 578 633 973 1191 1295 1432 1510 1555 1562
1243: 514 575 634 982 1286 1433
1244: 514 516 576 579 630 635 791 976 983 1193 1287 1297 1511 1558
1245: 507 509 554 565 654 674 815 932 1122 1155 1312 1445 1459 1497 1540 1548 1557 1565
1246: 517 518 578 581 632 637 788 978 985 1187 1290 1508 1537 1555
1247: 518 582 633 639 979 1299 1351 1428
1248: 519 520 579 634 640 987 1188 1292 1509 1563
1249: 520 580 585 635 641 691 794 981 1293 1352 1431 1435 1510 1559 1563 1564
1250: 509 526 555 569 655 816 1125 1316 1446 1541 1565
1251: 524 525 551 694 793 799 1104 1194 1438 1549
1252: 527 570 657 1008 1448 1542
1253: 521 528 558 573 658 681 773 818 960 1169 1338
1254: 529 574 623 659 819 1007 1130
1255: 523 530 560 571 660 679 772 822 959 1009 1166
1256: 526 527 668 1017 1322 1519 1546 1560
1257: 529 535 584 601 627 666 833 967 1015 1228 1321 1518
1258: 537 570 670 836 944 1020 1141 1324 1457
1259: 540 588 673 784 864 970 1022 1177 1426 1507 1520 1566
1260: 534 536 698 974 1184 1348 1427
1261: 537 678 792 842 1325 1521 1560
1262: 539 546 592 613 651 680 795 843 980 1027 1236
1263: 542 665 1005 1311 1517 1562
1264: 536 540 593 682 706 796 871 981 1350 1429 1475 1513 1566
1265: 540 595 873 986 1354 1476 1514
1266: 541 553 588 596 683 707 802 844 1032 1154 1190 1434 1460 1567
1267: 550 551 579 607 671 727 823 828 1010 1132 1217 1450 1547 1558
1268: 551 580 731 824 830 1006 1373 1447 1552 1559
1269: 543 544 589 710 805 845 1196
1270: 552 582 609 732 826 832 1317 1376 1449
1271: 547 619 685 1040 1161 1335 1522
1272: 544 549 556 590 600 713 806 877 995 1199 1358
1273: 558 591 601 622 659 687 716 809 998 1167 1202 1300 1516
1274: 548 553 593 689 714 807 856 961 996 1200 1339 1359 1439 1550
1275: 549 560 594 601 690 808 879 997 1049 1171 1201 1340 1482 1515 1551 1561
1276: 553 554 595 603 692 719 860 881 963 999 1341 1362 1506 1567
1277: 554 555 606 698 885 968 1000 1343 1363 1565
1278: 558 568 625 666 703 722 1002 1206 1366 1443
1279: 556 560 610 723 1001 1364 1442
1280: 561 563 571 601 612 726 817 870 972 1058 1180 1207 1512
1281: 564 573 601 614 708 730 820 868 1056 1178 1210 1474
1282: 562 565 603 871 974 1347 1513
1283: 563 566 604 616 710 734 872 975 1059 1181
1284: 565 569 606 712 738 873 981 1184 1348 1475 1514 1565
1285: 569 570 608 714 986 1063 1350 1476 1535 1550
1286: 694 848 1037 1157 1243 1330 1461 1526 1549
1287: 630 695 851 1244 1331 1463 1527 1562
1288: 572 583 618 650 680 833 1007 1214 1313 1518
1289: 575 624 631 696 1039 1158 1464
1290: 575 576 632 697 854 1041 1246 1332 1465 1528 1555
1291: 620 904 1008 1372 1448 1519 1566
1292: 577 578 630 634 694 699 847 855 1034 1044 1248 1327 1334 1466 1525 1529 1562 1568
1293: 578 635 695 700 857 1035 1249 1336 1530 1568
1294: 579 602 632 696 701 848 858 1036 1045 1163 1241 1328 1467 1526
1295: 579 580 605 633 637 697 702 754 851 859 1037 1046 1242 1329 1398 1461 1527 1531 1555 1563
1296: 580 639 755 1399 1463 1564
1297: 581 582 635 640 699 854 1039 1244 1331 1464 1528
1298: 588 615 621 720 836 1072 1195 1219 1479 1569
1299: 585 639 702 857 1044 1247 1333 1400 1466 1530 1564
1300: 587 592 619 627 659 688 729 889 1081 1273 1360
1301: 588 593 620 628 733 747 842 892 1020 1227 1361 1384 1457 1521 1538 1554 1566 1569
1302: 596 621 636 894 1203 1484
1303: 591 645 704 740 1028 1205 1392 1522
1304: 590 594 646 933 1026 1233 1390 1523
1305: 596 628 756 902 1367 1459
1306: 597 601 629 649 744 757 850 903 1090 1211 1235 1486
1307: 601 626 651 672 709 742 761 853 900 1089 1208 1326 1485
1308: 596 598 603 904 1368 1519 1540 1567
1309: 663 731 880 1068 1352 1536 1552
1310: 599 642 861 1239 1462 1556
1311: 602 605 665 732 736 880 1067 1075 1263 1351 1411 1536
1312: 599 644 654 770 864 940 1215 1245 1500 1520 1557 1571
1313: 601 645 680 717 748 773 866 908 1048 1288 1371 1402 1469 1487 1532 1570
1314: 600 601 610 646 750 772 865 910 941 1011 1047 1374 1468
1315: 607 632 883 890 1079 1198 1483
1316: 611 647 655 942 1250 1501 1533 1571
1317: 607 633 793 884 891 1270 1356 1480
1318: 601 604 648 656 751 774 911 943 1014 1050 1380 1403
1319: 606 608 1019 1383 1404 1546
1320: 611 780 873 950 1022 1054 1405 1571
1321: 613 618 666 687 729 759 783 875 1057 1257 1345
1322: 611 615 620 668 764 784 1055 1256 1406 1535 1569
1323: 655 669 932 1229 1496 1572
1324: 621 657 670 1113 1230 1258 1387 1497 1556 1572
1325: 621 628 668 678 777 802 885 939 1066 1119 1237 1261 1395 1478 1499 1560 1569 1572
1326: 623 627 667 709 743 776 938 1118 1307 1394 1498
1327: 624 694 762 917 1100 1292 1376 1489 1544 1562
1328: 630 663 696 763 919 1101 1220 1294 1378 1490 1545
1329: 630 697 765 920 1295 1379 1568
1330: 631 632 664 694 915 1102 1221 1286 1491 1573
1331: 632 633 665 695 699 762 767 823 916 922 1096 1104 1224 1287 1297 1381 1492 1547 1562 1573
1332: 634 635 697 701 763 768 917 924 1098 1105 1290 1373 1488 1494 1544 1563 1568 1574
1333: 635 702 765 826 918 925 1100 1299 1375 1489 1564 1574
1334: 637 699 919 1292 1376 1545
1335: 626 645 675 685 715 749 782 809 898 1082 1271
1336: 637 639 700 767 827 920 1101 1293 1377 1436 1490
1337: 629 646 676 684 786 808 896 948 969 1080
1338: 638 651 681 688 901 951 1134 1253
1339: 642 682 689 812 902 1274 1421 1484
1340: 652 690 792 813 903 972 1083 1275 1512 1561
1341: 642 644 692 815 904 974 1084 1276 1422 1513 1540
1342: 797 1055 1139 1405
1343: 644 647 698 801 816 981 1087 1277 1425 1514 1541 1571
1344: 649 684 803 817 907 958 1059
1345: 651 685 705 729 820 909 957 1143 1321 1407
1346: 647 706 804 986 1426 1542
1347: 654 692 829 961 1282 1538
1348: 654 655 698 712 810 834 963 996 1072 1095 1260 1284 1410 1430 1539 1565 1571 1576
1349: 659 666 704 717 742 776 811 838 930 965 1152
1350: 655 657 668 706 714 812 836 927 968 999 1076 1099 1154 1264 1285 1413 1434 1506 1572 1576
1351: 663 732 793 798 847 1123 1247 1311 1400
1352: 664 665 691 731 799 848 949 953 1124 1132 1249 1309 1401 1503 1549 1559 1573 1575
1353: 665 735 800 851 1126 1447 1502 1575
1354: 657 719 815 1000 1103 1159 1265 1548
1355: 675 711 722 783 818 1112 1167
1356: 671 702 862 955 1317 1452 1505
1357: 668 821 842 1109 1439 1576
1358: 677 713 724 975 1083 1272 1512
1359: 669 670 678 714 936 981 1084 1173 1274 1421 1513 1541 1572
1360: 672 680 715 729 938 1300 1385
1361: 673 682 733 844 939 1113 1301 1441 1497 1566
1362: 670 674 719 829 986 1087 1175 1276 1422 1514 1542
1363: 674 738 834 1176 1277 1425 1565 1577
1364: 677 679 684 723 739 839 850 945 994 1180 1279
1365: 680 759 852 946 990 1118 1498 1570
1366: 681 685 722 741 760 837 853 947 991 1178 1278
1367: 683 689 733 861 950 1305 1500
1368: 683 692 737 864 1308 1501 1521 1567
1369: 691 754 828 1156 1163 1563
1370: 691 725 755 826 830 880 1157 1415 1461 1552 1564 1575
1371: 687 703 740 748 811 868 957 1134 1313
1372: 706 747 844 1023 1133 1195 1291 1566
1373: 694 695 731 763 883 973 981 1162 1268 1332 1417 1510 1553 1568 1573 1578
1374: 690 750 870 958 1024 1135 1314 1451 1504
1375: 695 765 884 1333 1419 1578
1376: 696 697 732 762 835 976 982 1170 1270 1327 1334 1511
1377: 697 767 887 977 983 1336 1420 1574
1378: 699 763 978 984 1328 1573
1379: 699 700 735 765 768 888 979 985 1165 1329 1508 1568
1380: 690 693 751 845 872 1025 1137 1318 1455 1523
1381: 701 702 736 767 835 890 981 987 1331 1416 1470 1509 1574
1382: 692 698 849 873 1139 1456
1383: 698 706 856 1029 1141 1319 1440 1457 1550 1576
1384: 707 714 747 756 861 1008 1203 1301 1441 1519 1556
1385: 709 717 749 967 1007 1360 1408 1518
1386: 710 751 766 879 969 1011 1116
1387: 720 752 970 1324 1520 1533
1388: 710 713 721 753 769 867 882 1014 1047 1120 1148
1389: 712 714 771 885 1017 1122 1150 1444 1459 1576
1390: 713 723 772 870 886 1018 1050 1151 1211 1304
1391: 715 837 889 1153
1392: 716 722 773 838 868 1208 1303
1393: 714 719 871 1019 1125 1155 1445
1394: 729 760 776 841 980 1021 1326
1395: 720 733 764 777 894 981 1022 1160 1325 1462 1507 1569
1396: 725 854 859 1188 1428 1555
1397: 721 723 876 896 988 1166 1468
1398: 727 731 754 793 862 915 1004 1198 1295 1437 1517
1399: 731 755 798 863 916 1005 1194 1296 1438 1480 1575 1578
1400: 735 798 862 919 1003 1299 1351 1575
1401: 736 758 799 1004 1197 1352 1436
1402: 730 741 773 785 878 901 1028 1222 1313 1522
1403: 726 734 774 787 879 1030 1140 1225 1318 1455 1551
1404: 738 792 885 1038 1144 1227 1319 1457 1560 1577
1405: 746 780 797 1000 1066 1145 1229 1320 1342
1406: 747 784 802 894 1230 1322 1569
1407: 742 748 782 913 1002 1182 1345 1516
1408: 743 785 792 1048 1385 1532
1409: 746 747 796 807 902 927 1053 1159 1190 1237 1460 1478
1410: 801 810 932 1164 1348 1540 1571
1411: 754 823 890 1221 1311 1524
1412: 754 755 824 827 887 891 949 1031 1217 1224 1450 1559
1413: 752 764 804 812 1008 1084 1350 1481 1541 1556
1414: 791 826 828 888 893 1218 1447 1488 1558
1415: 758 794 830 893 953 1031 1221 1370 1491 1524 1559
1416: 763 765 798 835 895 1035 1044 1381 1525 1530 1574 1578
1417: 767 799 954 1037 1045 1226 1373 1526 1531 1573
1418: 756 771 807 936 1063 1175 1472
1419: 767 800 955 1046 1375 1527
1420: 768 956 1041 1377 1453 1528 1574
1421: 777 812 921 942 1020 1072 1339 1359 1538 1572
1422: 770 779 815 829 926 944 1023 1076 1095 1341 1362 1539
1423: 769 772 831 931 945 1078 1181 1207
1424: 773 852 929 947 1077 1210 1474 1570
1425: 770 780 816 834 932 1099 1183 1343 1363 1548 1571 1579
1426: 784 836 1103 1259 1346 1579
1427: 779 780 935 1033 1109 1195 1216 1260 1477
1428: 788 854 916 920 1247 1396 1466
1429: 780 784 796 842 939 1038 1219 1264 1479 1560 1566 1579
1430: 797 834 940 1087 1348 1541 1557
1431: 851 855 917 922 1060 1241 1249 1467 1562 1563
1432: 857 918 923 1242 1502 1564
1433: 791 854 858 919 924 1243 1461
1434: 802 836 942 1266 1350 1481 1542 1572
1435: 792 794 925 1249 1503 1564
1436: 798 827 928 978 1065 1071 1336 1401 1537
1437: 799 828 862 1067 1073 1398
1438: 799 800 830 863 981 1068 1075 1251 1399 1505 1536 1575
1439: 797 802 807 842 950 1094 1204 1274 1357 1484 1546
1440: 801 804 856 968 1053 1122 1230 1383 1497
1441: 812 844 861 970 1055 1361 1384
1442: 806 808 865 958 1235 1279 1486 1534
1443: 809 866 889 930 957 1107 1278 1485
1444: 810 812 821 856 981 1063 1136 1215 1239 1389 1500 1535 1576
1445: 812 815 860 871 961 986 1139 1245 1393 1501 1550
1446: 815 816 873 963 1141 1250 1565
1447: 823 824 851 884 888 955 1093 1268 1353 1414 1483
1448: 816 968 1144 1252 1291 1579
1449: 826 854 887 890 956 1270 1480 1574
1450: 828 830 859 891 956 1004 1093 1267 1412 1509 1543
1451: 839 870 877 971 997 1080 1120 1374
1452: 862 895 1096 1102 1356 1547
1453: 863 1006 1097 1104 1420 1578
1454: 829 871 999 1122 1229 1495
1455: 840 872 879 972 1148 1380 1403 1561
1456: 829 834 873 881 974 1000 1125 1150 1230 1382 1496
1457: 834 836 842 885 981 1155 1232 1258 1301 1383 1404 1497 1569 1576 1577 1579
1458: 838 875 913 1130
1459: 885 996 1141 1245 1305 1389 1500 1550 1565
1460: 844 856 892 902 1008 1094 1175 1266 1409 1507 1542
1461: 848 851 880 916 919 976 981 1286 1295 1370 1433 1491 1575
1462: 861 894 905 1099 1145 1310 1395
1463: 851 920 977 1287 1296 1492
1464: 854 917 978 982 1289 1297
1465: 854 918 922 979 983 1290 1494
1466: 855 857 920 924 981 985 1121 1292 1299 1428 1489 1568
1467: 858 859 922 982 987 1294 1431 1490
1468: 846 850 865 896 907 1001 1106 1147 1314 1397 1504
1469: 853 866 898 909 938 967 1002 1149 1313
1470: 862 890 928 1036 1124 1131 1381
1471: 862 863 891 1037 1126 1132 1549
1472: 861 902 1020 1109 1154 1418
1473: 861 864 871 904 1023 1159 1548 1566
1474: 868 874 908 929 1028 1115 1167 1281 1424 1516
1475: 871 873 1013 1033 1200 1264 1284
1476: 873 1017 1038 1265 1285 1506
1477: 935 1125 1203 1427
1478: 885 927 936 1020 1177 1325 1409 1507 1554 1572
1479: 892 939 1022 1204 1298 1429 1569 1580
1480: 883 884 916 1006 1157 1317 1399 1449 1505 1552 1578
1481: 894 942 1133 1183 1413 1434
1482: 879 882 934 943 1025 1051 1185 1207 1275 1512
1483: 890 891 922 955 1010 1067 1157 1163 1315 1447 1526
1484: 894 902 939 950 1032 1055 1141 1195 1302 1339 1439
1485: 900 908 957 1007 1061 1149 1307 1443 1498
1486: 903 910 948 958 1049 1064 1147 1225 1306 1442 1551
1487: 908 962 990 1015 1077 1161 1205 1313 1522 1570
1488: 917 976 1034 1039 1189 1332 1414
1489: 917 918 977 981 1035 1041 1191 1327 1333 1466 1511 1574
1490: 919 920 979 982 1037 1044 1187 1193 1328 1336 1467
1491: 922 953 981 984 1039 1045 1092 1188 1330 1415 1461 1508 1573
1492: 922 923 985 1041 1046 1093 1331 1463 1536 1555
1493: 912 933 969 1059
1494: 924 925 983 987 1044 1191 1332 1465 1510 1574
1495: 921 926 961 1084 1175 1215 1454
1496: 926 932 935 963 974 1087 1176 1239 1323 1456 1533
1497: 932 939 968 981 1072 1177 1245 1324 1361 1440 1457 1520 1565 1572 1579 1580
1498: 938 946 992 1007 1048 1081 1228 1326 1365 1485
1499: 935 939 993 1094 1325 1535 1554
1500: 940 942 950 981 996 1099 1190 1230 1312 1367 1444 1459 1571
1501: 942 944 986 999 1084 1103 1232 1316 1368 1445
1502: 949 1003 1068 1353 1432 1517 1575
1503: 953 1005 1070 1075 1352 1435 1543 1575
1504: 952 958 994 1001 1090 1110 1201 1238 1374 1468
1505: 954 955 981 1006 1079 1124 1217 1221 1356 1438 1480 1559
1506: 963 968 1017 1276 1350 1476 1542 1576
1507: 970 981 1008 1020 1113 1133 1219 1259 1395 1460 1478 1566
1508: 978 979 1003 1035 1039 1096 1101 1246 1379 1491 1529
1509: 981 1004 1037 1043 1098 1102 1156 1241 1248 1381 1450 1525 1563
1510: 981 1005 1044 1100 1104 1157 1242 1249 1373 1494 1531 1549 1562 1564 1578 1581
1511: 982 983 1041 1045 1101 1105 1158 1244 1376 1489 1527
1512: 972 975 989 1014 1025 1116 1140 1280 1340 1358 1482
1513: 974 981 993 1017 1119 1141 1227 1264 1282 1341 1359 1538 1560
1514: 981 986 1019 1029 1122 1144 1265 1284 1343 1362 1539 1548
1515: 995 997 1001 1026 1047 1135 1151 1235 1275
1516: 998 1002 1028 1048 1069 1134 1273 1407 1474
1517: 1004 1005 1031 1068 1071 1127 1132 1188 1263 1398 1502
1518: 1007 1015 1062 1089 1118 1152 1179 1257 1288 1385 1532
1519: 1008 1017 1053 1063 1154 1177 1256 1291 1308 1384
1520: 1022 1072 1164 1183 1259 1312 1387 1497 1571 1580
1521: 1020 1063 1173 1190 1261 1301 1368
1522: 1028 1040 1077 1086 1111 1178 1202 1271 1303 1402 1487
1523: 1025 1026 1042 1078 1085 1180 1201 1304 1380
1524: 1031 1060 1093 1158 1163 1411 1415
1525: 1034 1035 1065 1098 1162 1165 1292 1416 1509 1545 1568
1526: 1036 1037 1067 1096 1286 1294 1417 1483
1527: 1037 1068 1097 1101 1217 1287 1295 1419 1511 1547
1528: 1039 1041 1070 1100 1102 1165 1170 1218 1290 1297 1420
1529: 1043 1044 1071 1101 1292 1508 1544
1530: 1044 1105 1220 1293 1299 1416 1568 1581
1531: 1045 1046 1075 1104 1170 1221 1295 1417 1510
1532: 1048 1052 1086 1118 1192 1210 1313 1408 1518 1570
1533: 1054 1087 1095 1316 1387 1496 1571
1534: 1051 1106 1201 1205 1442 1551
1535: 1054 1055 1063 1094 1109 1203 1219 1285 1322 1444 1499
1536: 1067 1068 1093 1126 1129 1198 1241 1309 1311 1438 1492
1537: 1071 1198 1246 1436
1538: 1072 1119 1230 1301 1347 1421 1513 1556 1569
1539: 1072 1076 1122 1215 1232 1348 1422 1514 1557 1576
1540: 1084 1122 1136 1245 1308 1341 1410
1541: 1084 1087 1091 1125 1139 1229 1250 1343 1359 1413 1430
1542: 1087 1094 1141 1230 1252 1346 1362 1434 1460 1506
1543: 1092 1093 1157 1218 1221 1450 1503
1544: 1098 1100 1127 1327 1332 1529 1553 1574
1545: 1101 1129 1165 1226 1328 1334 1525
1546: 1091 1094 1237 1256 1319 1439 1560
1547: 1102 1104 1132 1267 1331 1452 1527 1573
1548: 1099 1103 1144 1155 1245 1354 1425 1473 1514 1557 1579
1549: 1124 1126 1157 1194 1251 1286 1352 1471 1510 1575
1550: 1139 1141 1200 1274 1285 1383 1445 1459
1551: 1140 1142 1147 1186 1201 1275 1403 1486 1534 1561
1552: 1157 1220 1268 1309 1370 1480 1559 1581
1553: 1162 1194 1373 1544 1578 1580
1554: 1176 1177 1227 1301 1478 1499 1566 1577
1555: 1188 1242 1246 1290 1295 1396 1492 1563
1556: 1203 1230 1239 1310 1324 1384 1413 1538
1557: 1204 1232 1245 1312 1430 1539 1548 1580
1558: 1218 1244 1267 1414
1559: 1221 1224 1249 1268 1352 1412 1415 1505 1552 1573
1560: 1216 1219 1227 1256 1261 1325 1404 1429 1513 1546 1569
1561: 1238 1275 1340 1455 1551 1570
1562: 1241 1242 1263 1287 1292 1327 1331 1431 1510
1563: 1248 1249 1295 1332 1369 1431 1509 1555 1568
1564: 1249 1296 1299 1333 1370 1432 1435 1510 1575 1581
1565: 1245 1250 1277 1284 1348 1363 1446 1459 1497 1571
1566: 1259 1264 1291 1301 1361 1372 1429 1473 1507 1554 1579
1567: 1266 1276 1308 1368
1568: 1292 1293 1329 1332 1373 1379 1466 1525 1530 1563
1569: 1298 1301 1322 1325 1395 1406 1457 1479 1538 1560
1570: 1313 1365 1424 1487 1532 1561
1571: 1312 1316 1320 1343 1348 1410 1425 1500 1520 1533 1565
1572: 1323 1324 1325 1350 1359 1421 1434 1478 1497
1573: 1330 1331 1352 1373 1378 1417 1491 1547 1559
1574: 1332 1333 1377 1381 1416 1420 1449 1489 1494 1544 1578
1575: 1352 1353 1370 1399 1400 1438 1461 1502 1503 1549 1564
1576: 1348 1350 1357 1383 1389 1444 1457 1506 1539
1577: 1363 1404 1457 1554 1579 1581
1578: 1373 1375 1399 1416 1453 1480 1510 1553 1574 1581
1579: 1425 1426 1429 1448 1457 1497 1548 1566 1577 1580
1580: 1479 1497 1520 1553 1557 1579
1581: 1510 1530 1552 1564 1577 1578
