-1963209312182704874
6650325417118737376
2033423115576060694
7451216774323849838
7100737942864528205
6684341139821115963
-9094929439711026972
6980481582365912596
4101115258434768155
-4256181330999579646
5492042127078398632
8188251268630107881
1680007946434237729
7869446244437348384
2432465158054893474
-889164326134620967
-645314647638210136
-4886698831132494961
-5396501976003445885
9100190892463115949
-7212416648870332516
-2646816375095548609
1780090075593803809
-5386810769607183845
-1159507250880892743
1609653824846144166
1904137662153872782
3558637455276977277
-5716304480545968819
-7514166571703860530
2189968284476428874
-3438517052219732932
8225802268274397284
-9015816330498805635
-7860465635159300614
-7406804752060978029
-6731921887567881859
-8796390078115066936
-1949458197805592505
4342014432618696978
-4516181685002997494
-5538368260230327354
-3036472110323673183
4243160577628059112
-2382831364028212013
-5038994480606590666
-50906983669493223
7242700866173598069
3692244148121565975
-5946762729417933967
1555382417013462394
-3108936423353411907
8192139886358890350
-2898780612204904561
-4028822825250559856
-3355420179261876879
6350689593265652179
-5783054980621240920
-2849640625539130409
9023314772666111474
2477537695952510612
771301036797196228
1048690195981029553
-5832319670821855942
-2995524073372581389
5617478848228618396
2887764203113709845
-5760815251295130181
6989691402739350512
8872180025211605621
-5791420434303071124
1050330500833271183
-1541760864316837597
1656421764084923865
1256058709801041742
-4212566435692084823
-3529158201771939783
1357152386482828351
4727339392406023690
-4352574456680010070
4300339092960152086
3065564930339622122
1106446155097221517
-2502367202441636618
-5626103547438749358
2574685996683787077
8825287257584534344
-2119638089461407362
4904713534985168984
-2619854122814447139
8258337058969841155
-7277097241157248919
-2732031203845297230
1164160019622789617
3549139377921558462
-5948140212936528425
5572169824860381225
-8514747271293867190
-3449947277860061740
6180574913415319535
1838477769808061724
501033497548790165
-4907839864834276994
-7309921921795033978
6581882486157866855
1356797575879058067
8128221698652107152
5296963551343247294
2176856311382131655
-2164695626525987971
-3414547676701929638
-6036600462494281301
3958052412642188696
-652180938711944754
-2513178809171990576
1684003197984157515
4020531538761787551
-7382363997736116447
-8970764531054650010
5256747917047887398
130779292912576496
-3715299491161013801
9086237015667202204
-3599167618429842613
6360352323930035374
-2909891608633762783
-3422184585603450886
-991078705914713864
-7296747129078204812
1369344227653513389
4335000932311155105
1712865547145001567
-2855840516113709673
250492918566739401
-4495831710363961519
-4218172591951696105
3019770265911285723
-7911717565854731897
-3920458948793255272
4400412307111627932
9125581383969684136
-2098633687778136162
-3229630444167172618
-7490943951355713980
-2900388559360944569
2967154026120225211
1246768180842104509
4175599788883733315
-3875216192856502577
3092943818302410994
-3640115032921631073
-4159847650784224611
-595432207057554591
-3773879047733736940
-1087628634344461057
-2186213780622330979
-7476169197288127361
5643095802538671750
8343904499482343064
-8360970069212862790
5163416122121839056
7252695937230148043
7218528477380314290
7772950682485331513
-3961949456568611946
6849444021013247896
6999958214639823575
1466819669772476678
2322374912026447171
1501307110817746610
-8073471564906491590
2000789719766810775
-5166475644600174417
-2515661569033216170
-4971362922246730786
2894041028114999546
-9021160104228942280
-5153797965380032081
8649279154281310050
1493624818970876955
7348312833226064752
-8195744588992431956
4364611212162504780
218629590753012612
7207852763202335567
-8222931685510959061
1749977696765425836
-7257871350267395990
2322448139187222308
4036128141129442316
-1023576158772569191
-5728842457480057995
6338058332019170635
-1635164810689408366
362543821045275845
-6055615494491867134
-833729057861523503
912442293244036516
7177463173444606336
-882534067460584002
1237837396858639537
-7738909028795888020
-1915163322093813799
-7950293711464706476
6980839925739248418
-2386171529383289561
-3084214212696828535
-8575765915979467365
8246266887932518063
-4602442716332355720
5459996538179031955
7747499384965432433
-7031839695537595627
-864325812277153971
8320048659800170044
-618084234701980200
-7353668324834907571
5918747556291684457
7906792128843473988
512893542659341001
-654082422575648218
8958371205354853163
-618332341549731453
-8109443249818641566
6069020102798214487
8825318147884320007
-4371275842786148584
-1371082208984403027
-1486563922023883240
-8516056084448750952
-1651994054281837470
-6613856052187516136
8884046121241807611
9086218031155443958
7505254465750309368
2822944520470933074
5914791462992588898
5974029533408268211
-2075638010684887464
2007267946869635762
-1865904512847300349
-7896150231687639493
-1367734537844121681
1454469424496994849
6003901990828253712
-3865970093558062046
4730443930846847888
-8551824535770935774
-236478593636469017
-8601569232757869149
-2725735303483662227
-171082513033850659
4519979517871841403
374749388847776546
5101194348803985686
-2138020665440781394
