6192612575141146067
506480977650003196
-4670273101272899015
2220088128551012108
-3901425256475304564
7510735162219970933
3612227116626623175
-1860552474528529453
6004757684977722875
4849807716480449578
9220963609311521181
2331153670963287239
-4697035499685739276
-9010057117429385456
-2487724541596990813
-6103885713989207445
-6258416663330441433
-1874601949543242596
-2296004636258315459
-7978512926455070450
1036918015012241632
-2195554612805080588
564222995892211787
4984171769457854306
-2711267018884115706
6114595624172640169
-3968788908675325413
6893184555146298935
-5743720979341764109
416431774046610381
-6272706111002144734
7699585465305739888
7823596687241324776
4669155748942430174
5463731806657080760
-338248628032818389
4203892148260744966
-7072868779092360652
-4154601220609044806
-4608566146751961878
-8295281750209456097
4225737630763178218
3456026213547764993
-2618986174551262698
5062238119836862345
1373520980931238786
-8285062131470662362
-4798066808578990333
4792055395754820638
-3415287020957955649
-1443521461908988627
-7429290941800998488
-7570719100568641102
2230751209305197216
-6236481771176450412
6907963465520076401
1342382754288562940
-4953201918680213346
-3098588983410025697
-1747215473008051720
-7662958057950583739
4535674493103132414
-3777849959325395637
-7643081037698900325
-2661004840193232021
-1750861754711374309
2760537563681108548
-3546304656335043438
-2463699206519497578
-9064238513133209887
4582026577369299521
6644103567147507133
-8698903837312209801
5771985451591412988
2181557477369993904
9086770625061496562
-1057013853552727873
580825917646592430
-7398436599318243440
5104362495236416068
6452661447624179192
7001643916213774793
7623228905677300841
5530422519665892271
8156841537196763605
-2999488811164554766
-1520241254244203052
-9203546338025892754
-3944176454848593647
-9149363144981614413
-6420034709122318570
1347312631150576054
-8069501314500619460
5912663686378796016
2161660206103945057
-3352360258502903153
4223712763977177189
6176013912686468236
2277093685515641267
-8202682529006595234
-8283379649316480368
7169541906925573272
-3847157481357972999
3770484914183216819
-3882915198111773820
-7206549005713630799
-2542916530334481373
6642878217158853751
816547098766151804
8683262846911696207
7207456022549929343
8080805678235443371
-4625008199906432999
-3450505296211094100
-912580792385386025
-1745657907281453627
-4993156849054926326
-3129654981730671884
-7821900314325676759
6418413439008806643
-555215876194924176
8133749518853991376
-4750622883364605477
2212367995593601151
418084530207126277
1584238767220071662
-4846082496109014272
5913613730646115198
1636678272613027255
2305521859804897424
-820578338435252089
-8779013103630627501
-430218042232537961
-9083491400413229562
2519046017298188596
-6643752113136405275
-7644091598450833275
1877512397387978428
5581482271641720396
-7700872731231366699
-1067772789552982257
-1519317917836064981
-5709441580759695063
7533905574636220236
401096472167351681
8097335807206608750
2340112374512884535
-7401962804786376879
3280458146750196644
-8417004975183842532
-5667873523532619705
4401005886650735663
1154453263352882931
4009172864643201656
3463469256151192421
-6724328864765232873
-1358640984976958841
-4855005303241127590
-5245942012809357507
4573997157080173383
2444833847074006556
3917832464904588184
9194649183992102882
145147778391461966
842038141411157554
4383958507121731946
-6611741041776670194
-8440567284321094000
-3084446564140183936
-24070966567398135
-2806758582861192145
3713559771522187671
-169978766028818017
-6610908117457857115
4348859019170513147
6735242308290208261
-7627973988553731674
-3609395593374872961
5687510227611642943
-7742217469668483262
-1032840915719017197
9181473522297421711
-3598645323200590974
8566304244631473978
-6556439306923475379
3915980675318088061
1537090522200692801
-3383075412248599084
7970242835086152206
929155545964287742
6269769028782910145
4793460507935892265
-894211215635718403
334638628956849335
1922417832223536720
8576102294735265043
-2127607462209961530
-456860544375368174
8910323225342520416
-7623796233779644483
2077090573734844634
6353061448344303728
-2119125566644839491
-3725025381954351741
-5807632763753737414
5272211760409318600
-7887912397379995201
8042020877188327011
2599185664983604444
5339944710809525558
8662513292232568498
-79779745143419048
575908285030991263
808283665742233260
8937827389293255751
2776454232151213480
1136120641677302353
-913848284423920912
2855866399061474812
1769092413487378963
-8432080148033201999
-7859571200735004260
-4257092003589323138
9211303109201019482
1135478041697248498
-851354116677514470
6000207020312098822
2707889575901425845
-4730718373361387963
-3577393867062297067
5244261453221851478
-773605278505500830
-6960508428738486539
-3495955934039396260
-1457834572967937028
2403936619292290617
3135855325771504628
-304404169236827229
2158979934690773903
6394478598868984894
-1439995028777741997
-8507373845252763210
-5588306184743842838
-4792046931383790396
6272769897518984303
-6691371429705731057
-8885285402265629416
6918238627926908922
5983950111910787776
-208855377990425318
-5225864184883051804
8879958855433896606
-6301065845424812756
7950706800812178895
820158235850813175
96583384945669037
