-721871931154621307
3778336385857922636
-3590055095480336853
335390209809581218
5718995275785924648
5874248906531476683
-2621013035142084979
-1380565387906081886
-2416644015090416904
-3010125791316334451
1447878474953648299
-2502370161840175611
-6233853333879408760
-836272645686789856
2486783252623393350
-3623384957287309764
7501679709970876638
-4026661746584881976
-3487542441752299987
-6258285081607736720
3326869805353058190
-7804232159352853690
-1427624525821520870
6973929393325450238
-6084453211798840176
-5062645039452184203
-8013281859378020597
8183042277257228087
-5003042135126759701
-5620550707995147772
-6084857708355638430
5333863137172723595
-1086022412073534108
249823322659422754
-7519651027967821131
9195970949641647268
-7493318542449146704
-3418505543433140225
2578842974517965645
-1546158312027995222
-5846990777461768738
-5809396899017406695
-8725382439724943632
1618208804277304493
1635492897972387954
-6250304399538596722
5250947532916313888
1527074124769496547
8066002658286917194
2656964985820807166
4249867005944204763
-8744469655321464312
-1274309192499455266
-3773955695131245163
-4430009995236497463
6037220921900917137
3620879861725965897
-3479722603824977061
8192228738473583750
854859765733163240
676530647951853879
-2790110891025234468
-7430868283771373010
-4026230758810217113
5178331931854586345
1494651594700340373
-4473079999059148455
-5206903837763014904
2827866579401219694
-8704612875156445338
-4396533878513205541
8440774413306230726
7576416453524267015
591033460537547892
-892970803691346968
-6041098262324167307
-8847566293836931821
8670411090925366101
4639705207351515935
-2615235463212433308
1589143615077450012
6680999875870782783
-6416068932461567798
-5251938045972541517
2667698359088233745
-3399831926798209157
40216596597571076
1173135639434279306
5899870922778296733
-9040010880059132385
-2642900980651450469
75421834323800649
8153532560930287157
-7730096837303170334
-8644737402688083309
2750414927042965444
2128035189382380837
-4435220928580365006
-5948857930074695434
2298753535855543596
2239743708382882536
3402686961258603678
-7459322513962779242
-4524263650107445495
-2002984636706951812
5964508701248931825
8053467486871361760
3292313668764313710
-5798000689478186692
-8436409669927066356
3180295518106241374
5940345789542969840
-4736260385150105781
8442509338609265812
-2458941181662365131
-807878395532493551
364362733842164647
-1987785920734455719
-5069261491158033792
7916798512761232175
-7562552373775916572
-1406829867974634979
-6955888974420726048
2420934880052550122
-8360951771253809642
-2118234591481206518
-4708481307042332328
5666148061143984836
-6255182690487642037
-5569748051759199687
-7145804086580990284
3189242044045267979
1031442835912656090
5419244242244658325
-6115096637012897159
538362158486186102
-5080661819104574297
-8731508336617305618
-7293901807628399231
-580557965443858886
-7108156343054059264
5041604423327185691
-1981025338475143732
-8275335590934000881
3181713214325390656
8652108162649938136
-9021860758159315539
-3964155602067771482
-2396308191571180849
8131969680498501049
-8036178632792070266
-809472098007871635
-699365065570003323
-2411213190835994307
-5454557295158819030
3683221191116122657
2470614254348378531
-7353695105807230937
-7081599783180150161
3015520709144256537
-5714505906171755604
6456162261166678903
-102741889694605116
-2284359783294443252
4137021458537163642
-1550678716847812302
7229201055571682331
7320121859627652925
-3995428870744938690
7464630726225460808
-6644240072411239230
6077352113696700281
-1707916279223277543
-7248550421050223680
-9198557336789949401
908689021638554924
9188908740494756324
-3209734116570659646
5162470866870538618
-6755935683653793201
-6591849100890620953
4505160915179372780
7191777994137004301
2337696878062992654
-894995352329911107
5950990124747011
-737404235280232400
5010922636363705662
-4034121949090051646
9077765540652794711
8406233023837145700
4576877555317979427
8467694812273464237
-6108384645746108359
-7717230247284993583
-4319243713158143548
5747187405089462370
-3866496517787316800
2681566575693920909
-8962490491802387022
-2289146065147305457
1000094199310474184
-5519356556522209881
4998081680264562053
5712992822251876208
5366529423487888328
-7772240809029477243
-6272065788325980852
-2252725464442989613
-7946004786087799081
6896694681450031619
-800049572691678255
-6987757207596743553
-2701774134019888529
5066185819414559179
4925239051500971267
-27165130050485342
-2086097257477771934
-3658049601042640815
8523629953888542084
-6429066331848379142
-1294422280225431854
3043651556872318641
-1483410350559931023
5710379180895809534
-6984976045010186251
-2682662467847829023
-8328114510180654635
6915118001278655062
-8444656574389280743
-2208424997852105656
-8920060348077750173
-1513560911307801479
5244550467420342906
-2479394680355325055
5905248390923664396
1562765853639865342
-4344890097315041915
4726368384522831342
-332091682031211741
5683101753245827145
6632825825527571669
2547347665674762248
-6818192301315049144
744530238077087507
258186864960472251
-5951887113366451973
8888116980364343822
2587118908753272967
9172323192325845081
6854996220051827202
-3827235378919497134
7398232008376865785
-4089165593986950675
286620066727553530
-8173105228524761096
