-2145630622996943051
-3219900882416881846
-8456520441436889034
-6859789442716620592
-2511064227956035590
6945336983511166848
-5994434984162492462
437147046697135848
1717529392385412129
-7057411251664057514
4190732886407562475
-3229213976366050028
-7233648641944619437
8772091497033446259
-2418798182443034664
4508502651699709091
-2327714060291434344
-1228918120508826775
-6039659220702402236
399834068425799401
-5894048439820882837
2789573002727376320
5675417435004903849
6419668080722406855
6109878628080346845
-4909153495621609431
-7919808207529291933
2699092168303923006
-7788272961969544883
1414742805204572980
852723994575606585
-3528629422069523778
-4688743022029539368
-385508756926044547
-8348584936385983670
-6016886829987726243
-6208485037066316369
1677238289734587210
-5643508218865652233
925298808656755680
-6332549364794218027
-5947389935704150220
-7106776989107006770
-3362330416601857092
7422778905610548784
5862706813218841944
5393442879130675841
1590146196503405702
-3055571987121861326
-6754616276890809954
3757609351943655216
4771402259608928237
542813648021210125
9215490622463601826
-6188191171240762180
625360184822927980
-8358366592328165092
-500112002239884754
6258118820479991861
8668397472946546329
-5023310030997734237
6345681688076845857
-8088633406877613665
6617597626337861148
8092271971239397325
-4686983488918618356
-1270919116066413665
-5067240305203570909
-5957091230109083002
1284505404094842766
4100292357808652215
6165376853014741026
-1758993861317300282
-8472386236715954608
-5166039191574596791
-792321907599982166
-7055179739624906457
7790154059619034381
-5057837371669641291
1014819711618039197
3823010405241269328
5852654287572368158
-1586693205501653936
7798308951712412609
2102958497492595593
7724208988718880652
-8214706665379132485
3798304838768000983
3420895564357636572
8536209330183868321
3096848951997320575
-8083872049719870784
-6024553745562776539
-3691016033828791822
4525926330298743503
-404748158831322409
7465369108017869530
7828485990215212552
752201097987305611
-6630576882583464473
8561386375235168623
-487364538507842546
7828281280047632611
4521636938277480888
8353814757762438064
6356122439328070713
8342984268757552359
450970951074955224
8410180998694370738
-7732969975964553469
5334435670994302648
759707435158384024
-1563217911327434912
551985757508056210
8078994614973687723
5373903405874835941
4718787361766746177
-2940490394431060628
-79200938362772369
2124388983651243042
5680009996830390773
-1732363942592232471
-4543656451283189568
696918475860396108
-2237900028656158851
-7529610911681193616
5566338570636465032
857730395045682840
-8619487584328308625
-471491612254477906
-5618238108027524716
-4716529374833850383
4208278456393685131
-7710454164382547653
1298568722272448566
2721063750948935092
6184277954224218836
8289163432454499145
498615401654654330
7941747970407200462
-6882851249359448573
8673766743629035143
4814350701806111294
1039105409877801206
1114952492132693556
-6446450524431535265
-6814441305420990554
1381938514662689023
-6496620490458107248
8515881365650153195
-1850043265649563650
7346181573273602611
-4148656421416625328
-4215372949039329310
-654697189399405198
-1151530707314669148
952634033087968255
-3901837443924938249
2345442184933324234
-1717845592834384072
-7344668076329318147
-216299365589831837
2648024762697820557
7204283258607431885
-3571677238978637265
750747960214148845
7692412649321232442
2592262311662361628
-2395634405899999137
-1505752420250544845
-8260544449430754580
-109483773137169721
-7859913349555021111
1716722129051880426
5859119855115716106
1664271932482963208
714261919465477758
1465090635326877191
-5767937871532779792
-3210406719996845896
2430630192022481602
6314050034010033246
-5841508494333098395
-8136694224113977307
-4712817312062401610
-3881945643782678264
-8375852733446330673
-5941926365336254124
-3783879806956970910
-4798092690835397419
5696190337104090209
900642150710522386
5403310200715742841
-13233720064799935
-7835386808483000983
-5960516773799761559
7334025316857165187
-1253125634395699017
5651997092211690426
-4455906715735203785
-476021025516708777
-7031926120359675747
5857265710069560394
-6620462095666963185
579304617496475895
-913629032010740372
1922403904218536628
-6346500841622758865
-4441066247292996033
-291733382131824802
1118510916422001067
-2340237212040585165
1394361348260818393
-6283452950119766304
-383624232174093066
4784511879169998880
8453787861223965346
-7149686083596034004
504503358080436493
-6095085594655618518
-1607759312993725904
180448263997511181
2292243710002398653
-7735812845136432398
2730274188019944820
9013529321986709504
6739497912610480789
2517046560818734404
-8690514054392563103
8041184371670882949
-1861662434301070058
9176609354068154847
-6762474606959087337
3555388883153244369
-5912443713482405436
8137734410993528523
-3761760720375444242
2666856462958793932
-6390534467758878464
3903473817224073654
-1604076684363918300
670255149455391561
-4943815649228170171
-3625633243377174688
-3088777514120156170
5029297304244146143
8876468828344730996
-4966106478986400257
183833279295385433
2229111808479682455
-566250127421555249
-8662451415135992096
-8547154304516972074
-3235666086078908045
-6387123462267431474
8007832565791573697
