FRAME_U 0 : 0 0 2 0 0 0 0 0 0 -1 0 0 0 1 1 1
FRAME_U 1 : 0 0 0 -2 -2 0 0 0 0 1 0 -1 1 0 -1 2
FRAME_U 2 : 0 -2 0 -2 0 -2 0 0 0 -1 0 0 0 1 -3 1
FRAME_U 3 : 0 -2 0 0 0 0 -2 0 0 1 0 1 -1 2 -1 0
FRAME_U 4 : 0 -2 0 2 0 0 0 -2 0 0 0 -1 -3 1 0 -1
FRAME_W 0 : 0 0 0 0 0 0 0 -2 0 -1 -1 -1 0 1 0 0
FRAME_W 1 : 0 -2 0 2 0 0 0 0 0 -1 0 -1 1 -2 -1 0
FRAME_W 2 : 0 2 -2 0 2 0 0 0 0 1 -1 1 -2 1 -2 0
FRAME_W 3 : 0 4 -2 0 0 2 0 0 0 -1 0 3 -3 2 -1 0
FRAME_W 4 : 0 -2 2 0 0 0 2 0 0 0 -1 0 3 -1 1 0
CONF#1 WITNESSES 187 PARITY 1 DEGEN 187 JR: r7x187 X1=[0 0 2 0 0 0 0 0 0 -1 0 0 0 1 1 1 ] X2=[0 0 0 0 0 0 0 -2 0 -1 -1 -1 0 1 0 0 ]
