5335229891687822037
4402442789807453481
3852246685913872606
-8399741467869774054
9208192818805420374
3906155624897912791
-1746268792367547976
-5016392355465194478
6371218284124577034
-7690026089745678229
-2553109166182973535
-3798284133547114441
-5808789567128486431
-5310366018315309311
4533074125818000515
-8297402167542858042
3121338007631512732
-8321405400693020820
-7095608478755819721
-3980506515042204458
16751293638853500
-5982769339871591062
-3167048678988306323
-4531840544427450015
803309433008879979
626190677579119249
-8471683031112569390
6227536112869986323
5986491292545113865
3868451382076040758
249437500750862647
8045231479497828786
8556695537066385822
971327954082251802
-975392669917824895
-6887551834284651150
-7589820872875578037
-3303114026719876024
-1874197979546949542
-8144406332714189926
9077301945599434775
-4346570015247887838
3381730884894979679
3497199061859277827
3054664920007484919
-8463073316145626834
8698223854639510671
-10306828359138184
-4133522885099875836
-2161987407945739353
7250121310153488190
6004044435027400062
-7306825419702672990
-491668164589092572
4435213710264001486
-869769207907079874
4984547537773339192
-6271314206217826520
-5972538781263943027
7437932020949748146
3181914184167474070
-8008984997360244656
-9088807103180018828
122702249552307663
5398647971279886770
104328307591182804
-6709194708686535570
-2730297847949147465
-8897207966560678363
-5098521806843794454
6838583580756818813
5158193775475997405
8467423260650473822
-1386182251721673305
2966986526389452322
8377793472645899403
1729668712024708075
3508891541199125227
-8167384017191524752
5044922172584905078
-8638548708338019891
5221174449134899892
-1720825809405421075
-4956339783743918427
5187680125484930665
4002778647500221563
8329387943981618343
-3829920725679953724
1638848745359610342
4525434448908035336
-6158842345679526859
7472932473948808549
546217374920530511
-6586582737472959400
-4434356396733400626
108972068794525478
-3358633282643129530
1403685553106933914
-2181497422842280635
8019720233938882398
-7980193426129498690
4090070177052186115
2437932085144954015
6075037178031086191
-8546368477608951674
8523135953370180566
-1712733413401498544
9041666717763412225
-264602836208306848
-5862845580875146897
-4272628236682699150
131181179159909826
7163722312887240247
6524125641195221026
402483212644446723
4317250090461173880
2369590403185613852
4324990799181831402
-4065179000928871899
3569841107064441616
7341383920576295954
-6504869552918176354
1113965387168522360
-6690550705280258703
3542233021035700599
1159666961525390713
-8405927232761154354
472215236382623597
6905583147273589514
8831588111273245674
-6224420865432841756
-767491106611624486
6300717370299849
4552140947469512550
-3199630439895724522
-2136479008897686523
3306194978917739342
3409935708909085339
672274435071133742
2901223477304368617
-892979819471424358
-6024989113859421463
-4335508138627927788
-3594398269137246461
1630263262224954000
1192573167931326298
3489342457943225026
2933647101988246026
7960068572517573564
-6948310082026777094
-7005797862452650012
8793446414301749525
-8383587250796179995
1214605905587351818
-7031503655007062951
-4939474789607818724
-1200634895487389083
1526063570032465509
-625619255155352616
-6796507802948959918
6728598141323190312
-7957581308484195075
-442610736755409810
3180173767795039984
841189367839589899
-3481827394133595543
392418924084397903
8611868707651880529
-5197027257794044702
2657926126021031355
-857563720980935352
1167136738509514158
-6251510263567889799
649503228448138494
-8172907743222130121
7742132008727185748
-2012403678272273714
-8321701402334453439
-4380024334053743750
7112416844789753279
-5520563620605125739
2453762068453058074
-647712813402871848
-4596602043140952235
1994649553600842577
-6346769428929857252
-3966957863826637114
-4082025824372993228
-6885989290718431795
6489826809472108920
-6365474340878589772
22081433252432583
6855090088958113110
-2705651093699054494
-4496866634199704796
-1425724359774872674
2742428759711276921
2016756255109686693
2592214311910569363
3055104505308111735
386601788001924177
2396859422383749333
-8909145761725692171
5413263127312581655
1573035822052120270
8463545155265411046
6642320783935109181
8784339074125350474
-742185416816326891
4306602946609453228
-1663656550521651296
-4294345874965212529
3100067257330469237
-6389437881653159381
7368479288890349913
-2827641164700774244
-4673121405490915207
9144846551736228450
-1005089701891864252
1966504911002795217
-185881484765791783
8582619227573566820
8825036307801140716
3463205703118728287
2268488406539253269
-964008609316513128
-1163555147199720559
9216398777060209441
-8714767433926446717
-6820681394135964252
4703908168417578078
-3919001597850055152
6221981238511051387
8035711245570465529
-5309582694060789133
-7963799011741658301
3634593825812278391
8112339792710379771
8300808544827896542
-2353885603700442459
-6555495120182951704
8294021645766600023
-3962834515913676872
-8701638322790231936
3797438633329536117
9074064068930368822
-4600319937843529470
6492591650681275318
1938436352546916152
-4167353075913494817
-877990971109181075
-835808052178175773
8044722498964981647
-6502138591977043084
7196930926049294062
-8738441333862078727
