8691339149780497742
-4843907968860352642
9205742874996263469
6196313387246675427
-2280923843640566645
-2545532365512228137
4059820339221301697
8986152975007261363
-6596829718515928746
3528859621500205024
-3461657427847541711
-5656096670710378827
-1252243654454103224
-2431477904139803362
-4992798947367430268
433353955829904351
-7129190776798404263
-2139186208385388660
1629450527978759763
-2885573220545977463
5228348123277550315
-5616864495376297355
-670748010236634897
-6558900191664274039
7550281437979210630
6750489203250369849
5939416049176365841
5838476008548681913
8514625933038145155
-5786574639923807408
-3096475733753534969
-7401264218852486246
1493666897450844853
1716561347282570651
-1135792090383907017
30961575729599006
-6591524890310847394
5304895051974531919
4963510798955931227
2121930938991724829
-988065772257961252
4065549871976812166
-2021726861140661887
8194024701688406304
4449488124819095952
6399085737517002691
-7697968276550464533
-63700398713179796
-6006964923867790099
-8645790214736524085
-5524146400265658786
-721830864082647470
-5537472057386772048
9082537218093151899
-9068800560567633757
-3754415472466822562
-1176124936746309899
1162257330458724594
3863051389571671499
-4848816856292205967
6620254751380302103
-4140787650511049805
9061098018700958341
3910558126925015574
-1285793400381197875
-1241139006842279466
2032992173931737475
-1986223881800223058
3389000425344910924
4052588402240625059
6719138620281722711
3175308392484295451
979539162438768332
8045547676984773790
8558574606057718651
-6345428627766297795
7337757512220818525
-3532525524897435903
-4838366389147210023
1043608919975425817
-1587611648978469035
8660403985841786490
3723181004881202188
-84841656045776803
157628979291361265
-1190455132308263157
-5487379301819672516
5394861738198307521
-8489917840163120793
7681833473171882536
3707424704111331805
-8855330952896658758
-2133023136913439482
-5731299618338695239
-3495135303011012584
1256646810109438574
-6129234904459899103
-1973501296431299184
-3119144480886595493
-1115986222589881585
-1937482135411446930
8937772132560626432
-6788250966827187312
-7192844602717920435
3214152158166269954
1390437113196022283
8647277715541399380
-4569908923217442770
-8106600075637651948
8748135079110062444
9097491719866928007
-5717888646482409938
6707737360588973950
5308633352424652577
-7100878125352850351
-6429670222489947565
-6788023354270441999
-2373697391280126630
-5762979773182110466
-1934715768178745182
165692905444102359
-8110748300229368775
5702433413495360826
5004484770207212433
3751415451475225828
4185148046053429742
-7673379135514159248
-782256495626638053
-6534923837861838499
-6746701908402392435
5651461108675120053
4280888916535772777
-1112515485449537510
-7337848574025207057
-1388146687663493292
5232250824941723310
-8576189246296633482
3673486489206998830
2013816403417494673
7586394601927556189
457084114900778883
-935794085930154835
-4907817453899049763
-6353682156174001497
4212715045108674415
9045950809651205708
-7104425155992695845
2079099502250540215
7591271891845594977
1370362109488976038
6659946433970700678
8329758560999653366
-2742147869380339246
8836579918901248230
-5590984789794001320
-2753161558761234989
-1417924003267804865
-7119654194321198545
3371921553877244123
1101392248865447994
-296311394240925318
-6698656226577718764
-2939983100963003820
4154850386541227069
9059952113490596034
7365185116255524592
430365496300583670
-6293238862297978276
-5523439459126896513
2921459200323841774
8734140277936957529
5055340003306236118
-2369213654526692356
3541782513698044784
9179552896556471742
-5984312131649576460
-9193460117923541982
9054306321924946261
-7063475342678377056
3823527822062879622
-2114234935916742549
7352054791380621086
-174302145134696231
3157603564723580573
-2415896762388646064
-8740723493957901985
-3271076216908754888
6284498915290530091
-6954745150403548182
-7029897116539684298
-5362090529949208030
3642004954730470222
5943917588837680861
1101279845502437506
1997123844896273337
1439097720119852692
7722391754935000821
5695778662916170901
-6976343355862297262
-3189691256667071231
4343405663324359233
150182436921443626
4858727312765293530
-2873069072134040151
3909400906522155614
782926642232457757
-8664094550059697578
887079784261796041
1549174662088364746
2692878168902718338
6402038870346083362
4990596858418536199
-718556530169399948
7327261653786231017
7961027194525279672
432886917351778564
-5284237507614269095
6706947950540163664
-853779828949186508
-6942484120586196695
6194953205058889184
-528550391763328898
-1476878651192058252
-7613064576206854335
-4898062442310125001
-6888537388557971178
2858378013412469533
274256788892687938
6275954321189291442
-3080359801312735019
-2874267608213889992
-7566005554946391440
-5148421747360329007
4984851603874529660
2938227892015616825
-7365390790436991362
-2044824080031518606
9012131770227569770
-6617768041432465001
-6430104849751766200
-1675652563243583167
5746277854004919503
-7954794596911535627
5150868050320816561
-9096706916389720835
-4124942366581652658
7855429915559739301
-4220552609479881441
2909253170855032267
1300082473902751572
-6696937007055553750
4863999658583238721
6839728705775666827
4279592748404763926
878659924752445775
6953197148561063701
