-8783593518944291126
1225694455485271393
-1621375575160577620
-2327990397838991784
-2683391753238320535
-5904614228233432092
-5880605770493289492
-2589091415772555513
2555699691057318454
5495145278545910236
8970039657462652249
8606177841425066359
6125285783981832796
-1858446125390481552
5627872993939070973
-4180999992665611865
-275451359563457728
-4908972186026644512
6801004600607473574
-4966875217076440833
5164564977602690082
-8751668750151514265
3606586625122853287
-8050063915019609040
-5168739578354798351
3054714699839007866
488694465765246231
5753233424307401248
-3022381703756315263
6748862919001213571
-8798101315378205273
6118218699528335688
-7833826393783153048
2977587518706679987
9149258404982177270
-3527530474351253268
-7494007413480650510
8028274164234990297
-6507999620032312708
-1365422832154298761
4093015797649366898
-6883603785741252472
-2291684062268906153
-4008543363399650171
-4678056105814937442
3487869314673988348
496340576941125361
1353555210600196805
-375064725136714188
-4582224756796110155
-3899858659957548712
-7072315625886988944
-8378565871746378328
-8454907405797419196
-8361541656098458771
5948869201659547708
5317720408384744712
-5759232637276588247
-8090619571782515899
4103832710808517525
3153180221481962639
-4486588078322409661
-236090988797741297
-5326750733383576043
2469147216529689152
1565209543727043271
5533502713838078107
3667669163390797935
6281494839975981996
7322402052782858493
1211449633117647601
2368793941709852587
3378905108022223817
5272870561589880034
7378666740822813093
-122842490207388470
465858996459769201
9171549885019963735
-1882335561760076090
-5383221449724074984
9163300483087907610
8960386101536592421
-1473580585674387010
8511410448814154187
-1691615273212012151
995663486893493860
-6661798823045897052
55075352984394926
-7161833813293983127
-5328989458709136441
1992022868175477
7214074937890337447
4646574844452611028
-8854082985763409507
2156828883565756961
-4587514506840572229
-548907177567138203
948817055451487419
3182512047137055333
2208046220517501214
2183517731871165075
-8397780113430100534
7918524396337979784
1011059235393399884
-859461731365011837
-4641809282556895239
-8764585611638197031
2268429648347254963
-5885249587404770030
-2579147838854144238
4434043716590395866
-1318946071582507739
122739026246928787
816005643231134937
-5721006383075284736
6594066652714145645
-8720702521960784006
4750251161457132465
3711722126948623883
-628046446815327271
3533901694088512635
8448786399834915364
3279518523547694849
-1183104173628344970
3352883357186938463
1626384873114515424
-8800982065526614371
4928507044303777583
6633863472107328
1709775614722728162
3572773324944557898
-8676605594093586572
4599313656272571801
5415893447818110288
5974022695199799045
-914391879710180810
-6728098225754552296
-7012676717785088513
8819512134151853050
8361884307905324832
7900740448184584549
-1167261694620005624
-7574791695768324586
-204543000478329391
7270869200760621310
240544475468086236
3576307609795521572
-4834080308985414452
-860317420919226278
-7665824467863587640
-8428442842199429697
-4229404178921868994
3251036397927665024
-2028660204356642850
7131296454519483992
256255651691466303
-4526708164232163536
4409324114957452310
9050984007565485189
3866293383578696423
2876608667052367733
-6722673315653940439
7421795930805048749
-9041673851774677856
-2097406336437031693
-1507774766351391777
7492059253222711901
-6626312490536546718
-1016968531157998036
-7139472278792713824
-2052687709459245203
-4889541639851977529
7726882908909427382
8128012258662906432
499222485575128539
7563781131572955643
5483612914100293903
-2175019954911117890
50621683926523898
-4332508089699154507
9066843820774902592
-6830906068892018824
4553260739181826160
-3842072831355595483
-8194870049757443494
4766157602227380416
-3922306587290794496
-2628346125350308472
1792204083572791567
6950556671416423283
69228929893232328
-5297887853167818478
4442974892371171021
-7538192178230169678
7933129766149530896
-2602058146227475220
-846191815292823949
4642096724649572673
7850969062260006459
3840502837184832971
4047014235869899515
-4963712198651984208
5866435025383567240
-3863301073743596280
8767150417326745241
4252904308861011332
8113230752124060914
-5071234043408013450
4440541327073284438
6270080179394027972
-8099515666198533124
7948400186375789511
-6487424693295295538
-7114637816082468001
-330370346490531517
8033996188450820037
-935196357974271536
-5635432845752579350
-4149902770470815130
7212090010977680061
-75525273759682278
-6257458373831937799
-6531535203285699937
-6451611754792882869
7698062830903322847
-5830355480681240775
-5268242647205659305
-3858631172240035621
6424298251870456172
4165176374708219942
-6678896993624070253
8865229506198106816
-7983618300144609576
-1937273482948429686
-6965780057613321628
-5325348036948381530
3513681551638187815
5125309809304618714
-3562802940419127088
2152882957868012027
6834692722617528092
1917455795492192071
-4820750166860980480
7231355410515617590
2856706821950214919
-7818309781777705442
-417548882872422772
-5077381228240673666
-6076911738490107056
4615008192102571942
5109264715743161569
-6715407838085037195
-6771049828927206394
7314493051704467966
36108458317425100
3511343393652412407
