1939223352180983991
-5617614011448402497
-6360159507531951720
5547949719042683053
-999509951419513081
-8776439617975149476
-2937601761419844438
-3232949799551721297
5006145264338299900
2311279989630264701
-1516378349669951397
-6478983805546203896
-6860223155440872008
-1487343063965192222
1509677675045546223
5225532037216799720
5341167130528157282
-5115325383508894127
-5414067793086440639
4515956721458204431
-4179024634576719969
-7716616959881443683
-5379724578802183347
-5518083795704890554
-2149714826170306109
2432504058140825191
-3283528564086102827
3517223367777496317
-731711455079721205
-7224908779910791709
6506241119315333272
9025651678644635720
6531904145989577898
2011451498261831408
-117638899854215978
7533780114794002916
266319246296092409
-3688764583358283779
7763154585165736004
-396394690722120192
4069013665015928776
-6761411206690073394
5463149025848868349
-1814086501146399255
-342253205591326774
4330904572810903813
720151085619952090
-851408729340140911
-3081246121852688611
1770351728550977202
5998272612458926930
-6105011333290221838
3205959098050663344
3183774296523073936
5201275226281962992
3382171440977630202
-1612404677207172226
-1945245546307786424
-8803351824072082000
4311647525964645234
3522613255288840768
-843023084356129127
6196583017424526276
8111436930652157077
-4019400281782694586
-1319562994712354593
866017679967305361
3518158432385381178
-5902611552877469032
-6258202506574781128
-7635045494934006255
-6814038923537520623
-5281573468609850901
-3882383157742227116
-3515719758375532854
-5199225393086169408
8842209774193383892
-3771382873465387855
-9123775782660370129
-5309681034825946083
-4767506858555184232
6212713786050925219
-5814228661431794488
5822756284848913125
-506184742401306134
2321751277009575884
-7015732895533246970
2513954269561844569
2002819842488313730
-1111691001946623319
-8202656813589530635
5957827146046138614
-3982601291653183586
6637548994363736113
5582182519476219417
1940641932552445287
532703540401023457
1349809433217628864
7855404967115317016
290370520579698473
722070443256746501
5700298560409833304
1282832968477618542
-7450257843253765760
6386626952658113198
-1381469603104016917
-3794612207121138271
6594228388475855172
-7301626122169440402
-1778875379773947000
-7546634214499734147
-6557470336285873929
-8888368899730660536
4964445414225325146
-989341826298298106
1575736997303847234
885878369019155419
-4327433254090053298
3831358453359946101
-2163654407255011881
-5567019671054768693
3844665467810366929
7958828614628262537
2834550145204461423
-1645284803296250918
457347688290451091
-1027341212750727368
-7805461837167934786
-4832304079936754529
-5453662875441052322
-8077755250028101601
-1568960401155972498
2934116666591806380
-2143613921354135378
7704260483411626884
-7876578777306394280
-4744473402893675370
4392408300045684942
-2928850763894045617
1243083219292278988
-1166787305335806658
7345325638310024382
-2232706557492424088
7189103864805113591
-6141506233647800063
4780934623418595737
-9086668965276993341
-2823725321471847399
8005368386749005460
-3201823379532246231
-3643868763953689053
6582593819587494269
-6283398727204616201
-5214372267681297249
-5769009172881894797
7106238589660345702
3869487993640844889
-5553138872339677357
5233229903713201480
-6363643673506217458
-1980297761791657722
8840648828108451731
-1020368338507962825
3951008581476179579
1527117405118559805
3736506901345080944
-4006443229899583682
-6050685527809202284
-1122854232860213552
-912226031457274947
211007773049329550
-1796765665935954341
5365223999019629164
1298334538978319286
-4590697551135414199
-6599136624225969803
4371060759462263653
2824713130536404293
-7284123190624166302
-1847321331808167450
6733524093817693427
-3943914432440907628
-2811760754992838757
5628135063387182495
3663070639815929910
8426422518724598167
5169303589072887876
4840501676594876510
-4401420681357232167
7214741604653620523
-884872323501007114
-5611495188531143824
8573110632186985066
-1327397469068775566
760401857969137962
-2449844392201883382
3327397892990337918
2171221424712317499
1378248059383374721
-7645784681536986623
1954470074584760270
-4776294909537571085
-744777814484456458
7442030479180615484
6656931770839733848
-2536697107572838465
-370824044887174488
-437900699757982486
-4294107740232924759
-1783587781468506316
1533621401784328427
-6473555691504168548
4386685731112417326
1667516262093847753
3500880377447084166
-8075926293993318929
-5752111662809370818
-5918696102387548209
4024474936946043884
-991405988189237265
-3732961915218257321
862060773430414626
-8575283690686600591
2291525006557759049
3807281215699732793
-2692178909105318484
-4660023123884424411
2589744979129561810
7403699424647907437
-5367674013280011031
-340785478162490816
8268119404040530335
1033592958100276388
2639347815126208490
9073422669410637344
-1317993653047470901
5477046901166538815
2295721070168082847
2447741844300894822
6964695081345878956
3528497086354707057
3378737564103320471
9146138181598781222
-1365281657633367996
-4921334552168958630
-5944035687670142358
-1528845412572180934
4377928543956076778
-1215915393180624046
8968217015327984351
5832379202076983457
683436669555151085
-3587460422657034063
-799727215974665448
3403590692123139145
-4981400648508234474
