-2200603052647351302
-4557763588602187511
1444523129010881979
-4184816244104144848
5609494043125377477
-3909130894178062516
4224546483418384267
2161154022852409228
6486831422198127950
5230456742328142374
1918004660206879944
-2744315495455857150
7480035449178197587
3196214142710929527
-8823433504834273916
4411669646765137792
-5696989786830724900
-4042751358064738144
-1133352276865826802
-7106079921683445577
3581613877531044475
-1963374055511237769
-4866576845028172953
-202763114405100341
4844637844657801191
-7156102578183019013
6244003559432061009
2222140475950668587
2035913373584080920
8445196063651977946
-5292475954043386159
817188214938276588
3783032313335539502
6842902316885386425
4421846879671038315
767468365388337957
-1966945270350480639
5719801313254671067
-8924852190546465119
-8086715145696713259
8354220578627491973
334250794618777399
-7759161268998947743
-3121335285617285136
-8298530992399593754
1202560409288380689
-8665886746431594262
-5249355786210865152
3536561683082088391
-6028010278062172475
7142036709008826448
8604043235200757326
-7991353493939048535
-4173780301838454527
7679227982598676573
-6696303306805350776
2046490323912831582
-4751773101557763321
-4410308549521267200
-495525021269338879
-6113228218280870700
-8021543947010825659
-3524584006937678563
7268137673754500627
4184651983901545812
8594757717696554285
4656729510499513668
724079024108756974
8524465225591138211
1087211094638589347
-2054681877919267931
8059576427247820764
1540774865478470460
3727799277617337426
-1944289341556883180
-384107711263851934
-4864203014935659222
4346268949056374961
-2565488815865940149
7816468755534461813
-694415498890270544
-1050677544580560033
1973217338762504292
79722582698684764
-6517247630176927948
-8153953506290895802
-954084795948331079
-2143972687594305455
-4449885191808573429
-305164689905671572
-7992539286893019186
-2411846046214700520
8251834539983787394
-7232929111669907810
-6208501218511309568
6893152394593540421
-8972052475444764203
2582752739735613109
-3268074677693310425
-3679694359406451810
5599513071094414841
5792808560311735699
-3699108559536651420
6969542515144702382
6596617928591586560
-5111247412374434097
-9173585774784224882
-5038251737893517558
-1147079952559134710
-886342853882345016
5420435596365056578
1199122761366930664
-862774673973897737
3441039781733517052
-2980731288717777794
3454002007513370858
-6790893917988370481
-1896480753352473945
-8339611085008054948
-1940076565533992290
630482494192357224
5473977754727518239
1118213479874290155
5120749198909966183
-4274270019224784140
3119291928627565741
-5337261700837311031
1590402567023738562
4636524520391411800
-769273024918163331
-4851979458862637645
1440400780080829105
-5173811843481388429
64948260615687012
-297338206464591251
-1234657086951606844
-4625286811184118057
-1775633273059342466
-1344084636797965431
4625681161036768767
-2101172090794166929
4593086678574635153
4281019129227928921
-3823473711647948044
7123715140349627893
7170347272695549264
-1134002940333073858
-6929921625079088421
-2165720248496383185
5849785628794835905
-5566354123599007104
4751469317453738031
-7495624535239707687
-2106820009517397033
611617734926810854
8597595453747045196
3676478287764788321
7023798189362312059
-3971107998341939573
3489194837752921708
3504062682136222603
3819685864220790678
2392903051139216878
5098291546344701564
8963455790802900870
-1522659348233324643
2984539562249067491
-8599135348917714863
565815340927174894
-5242544515648053530
-4838518250005848751
267017372074947740
-7456935019870588839
-2779245913780557074
-6536748807406527234
7708879636192510402
1419750728990931389
-4871278646609010918
7749950829492660137
2843896047040675891
5292848350432953490
2786818472078466308
-6266401152892588694
7401229555564959425
7772417400205211609
8343392665629096838
-443323702346027685
-4794253454450142658
4168326150657466621
4745616721811929793
3514586419540104826
-5600291621014076179
7069331535017637354
-9101246112993214487
2986218521156289751
-3917517887971737506
-2438574461054168571
-5405589068816889696
-6206845094309317597
-2633205180138275210
3575587831064527977
-108566310088716648
3967675652216362935
2122712016525854547
4423198946918804119
-54954742975725495
4983352215335182825
-6838960055221014712
-5511613102701265444
-5309998445017921849
5635191174957965355
6422081880287374181
1511014510619634859
1779869368361446044
-6703249502635869125
-7602865564118713656
-4201610819530995953
2648987944895041270
5706080390838106439
-3945649472661543429
4345605736714427362
-8119892774284348899
-3225229970026665363
723475536187759372
-7305327321030494014
2743423113456036649
-2343027065639039955
-4917472714373855170
7594810632138943121
4406401049642543618
-1340919721648182384
-2727525263160995944
-1813714131911338432
904633404047324905
-3542507380840637165
-5369999541858280815
6709727933057544261
6910642086327780510
-7126216511644038857
-7721518713202265200
-1646361095714205377
-3689572079690237277
4585605196897864268
1927311741525241216
870496229127408324
442006832888273714
2885664529896222335
5193762589262236929
-5897836989666751618
7590272775848117471
4125570695755193022
2138546454461727802
476959749831768844
2782196461185308482
-1253312374369430623
26098450738832513
