-3515258213216447036
-7083842756687148844
-4869922841848879903
1015716603907065098
-65369230124234463
3373881731980830725
-6717194548832411979
2460099662311570537
1242162406305769245
3255697896994371379
5201190816483674203
-3789945493709347564
2647481347957848598
-5361123011871883448
2777047956298356688
-8273139091805772836
-7247247032599305136
-5206241849366242638
-572760049669710507
304143546387251700
1663554778810632417
200985764427768234
4501338445934705572
5208101433836093764
7468261575708819422
1640887579254516818
1930918371069683279
418287426363976351
1179130998475769999
-2495574023523709721
5615028841915201936
4784296023186308896
-6523789853229127606
-3786814461939944068
9202011788841828837
1909394786303856188
297021715874498020
-2417196500031164631
-8384054992574230186
-474179439388975950
-3862305847408622996
-2725628273065416003
646026462769881093
2046681985907403635
-1587109132551808501
-7795201157794318006
-5244047069674950676
5146637834521139718
3585622779112543016
3301336742939694811
-1080129380002132622
-6452502774083037975
7528482847290074276
-2230636443850969513
448882732869938705
-7188313933993520445
6855682517890032673
950651007959783193
-8308538224801484212
3431233623130393746
-6136621766096278667
-2116729202781327466
6970654869591995110
-8729662723074994323
-8361451413711408906
-8052052488522299380
661846737765243335
375179207729964764
-225533222721692116
1603091173349815919
1523614261268639398
1492775696808592873
-1513069730968182582
-5785227709932231798
-1375372907315005523
2450950684898881106
4894930914488437872
8852117257501730847
8073061613844346221
-8446199258080065090
-798292797811634495
6053534485945998845
2510543606847799540
7695956804169215695
4587016682862363545
-5220064502355298401
6727980832355469035
-2626962066381318852
1594696831942881635
-5714684220292921459
8251140701920114541
7331978959810512420
-7848247014502439463
-3834314460093970531
-4956425305110737052
-4743058278624483355
8263974246500547290
-5863428818871531863
3511497028474645278
7904743557015081165
7441282810631352500
6126990679645822718
-140735227180149583
227857287606481240
-1003775868389572074
3007079766274637746
-492932055544898546
7160163954381398136
-6792370189442409861
-4486174790050367964
6761193548428290355
-4638675616218485346
-7201183762070354809
8878025516978682013
-878387944684687831
-2940667982634658782
8536544764067383247
-176868904157225529
-7390696227384581538
4877783007397292366
1508615588240099249
-8198971077927563885
-1187728223941545369
-585914845955302910
2324689640596647687
910577021150926849
3796498267355525668
-7801076472987820818
-2694135180790762215
-2751034938244733831
2428822110614541982
3913382306286068733
2279949892037842864
9212513273597669121
-4987975751336786020
-3491170409410642677
2721384717113007156
-2921885994009479690
275740957133452798
453539290824721698
-8580476236080969753
-8149758000429200706
5611980756483917035
-7582065751773486140
-4825760733990319282
-889674931301984122
1266701396576481702
7857643515838151924
5605026622169932067
-156157577521586881
-1293018169100497485
4132918217764179267
-1167874581580744776
-1527609319681855389
5077002541469772724
-705729720293253987
2881030197778991083
1451321837134796846
-3752936672910032301
5503567821731856722
-7751861665315115060
-5291867665451775857
4077350450206050272
6614426271029962616
-4034600514478462769
-5084835424829104196
-1572495881200089348
-6325701724090007409
72049182527934117
1904933432781616352
-8760341535319370162
6665375163824040876
3001926480595520908
-4930956713225152487
-4577030062090218192
3494014876101330505
4107077138073364763
5760197618365776758
-6970665287710585314
344597855632732034
3111562601312831515
3111775183910723384
-8126312733837451641
-3416270964871582423
1073923526003040466
3517088055297601768
6211190942682336427
-37348712901691881
-3791783524716481383
1798359032590652299
-1096728623539128658
-368471679996384083
-2494365532236145755
-5990156360599677498
-8275342698797236216
-6090803860001501551
5448159529714225651
-9092525449361766135
473991205633906955
8809398792452535084
2286881548828939517
-3513695524064240680
-6350582577943283193
-7509966785306861657
4190397753246890377
4597184009004977073
-8485707534189170948
2138617130126446289
-2088764209946984844
-8918092406925856967
-4693159385893063800
-7520980815923096378
8506827351655681546
-5153991790351874255
1839636289253801495
-8819948746445908000
-1801835716523493688
-7548018322566278241
-5089425566479787728
-954347883520819009
812098892958716980
-3337657753473859621
-2874367804541944150
1058898613221662665
-4192907031374678074
-8663683388543662329
-3707081420083560644
-6123997809595687440
-8533626112009296802
-9086157162447224737
-2780197142721490650
-3843463912405105636
-4268577223083771902
-133560026820327864
853353800453382451
-1826942986075160439
8265668749995600564
8558814776433486936
4715874503110305441
-1076711178097046091
134598007792975652
4575845491713740946
-2768299284211708270
-8362820938003909259
-6239388229604427992
-1419100153680971765
-5542370805874768175
1270017325231357518
3604704118322637725
-7120713207876475324
-196416197477579664
-3322929143302622684
-1918761913174640402
3381674393863648837
-2068503850222703718
-8638854532727693728
