74029666500212977
8088122161323000979
-1924914382715075334
-7632739411327113122
9052198920789078554
7381380909356947872
-7485149332228263313
-5944627205623820838
-2160948814193123287
6715870808026712034
528819992478005418
2284534088986354339
-8277543313762785726
3813019469742317492
-7853983889947293002
7367238674766648970
8217673022687244206
3185531743396549562
4800618912728694941
-5445527160353164476
1176407869339060974
4150604921837518705
-3300865037478801463
994800405537611429
-3517501760192341585
3154703689421785657
-4788749511954947684
6249946986953333237
1660217323733090078
-4441200888786690131
-1861742700235527461
1666516127252300525
2520622342062774609
9082651322321000509
-2739126216355576308
-6115183527948141871
6406546869475516057
-4349023476550129465
105262242311684541
8294782069855283264
4633297685661641163
6612006991566468995
8580220009698662865
8532728303557126422
-8001681597625236664
-1116635155101181427
1533223081929501252
9032221229430595433
85744951902259612
5072914322092137863
1705557957893756992
-7660209745731649730
171055579667516423
-5522006660369569441
-1706565194162746247
1381545967461782227
3884297591412308228
-6963871933048276103
4532672523855618611
5402165089034676429
911196135802991530
5721628401196675474
-8601142270490740941
8121722726619544262
6418390600164794941
-7648062390299463135
-7899171217207422885
-7181037101771856303
-8814902646195111075
-4193582843265142446
3487965410964113806
1348106002602736901
-4886869159902432004
-7890095505808474143
-7457520539311508418
-7377709171775774925
-6919734642903313854
-463444231742505324
-1083800286071219115
4355076706608268429
7398716852201294433
3041100610853721552
8728113967719027725
-1549472192128056272
-6887339072091064773
-3810660019200557540
5716513312488662692
-7617920244327345537
3512684089851768805
-6371158255237626672
-4962187290485103465
-2902156340097891979
1008545732055793944
-6687373193428845956
5249745689662851170
3624394618964842085
-1088686873637560380
8993023195683161014
-6868053102213865920
-1268367558244091344
-5093448845224843142
-3917319776418547040
4177824568197517782
-4698343321435489976
7778988443811410815
-9194696743324892233
-6992375062401542247
-6023233579709637355
-3247790943225594984
-5938635904531899294
-7250600371370439101
849144443972678235
5366042653427013937
5044836495604047913
-5533336512188806456
168581266862557880
892257883531561177
-1886985109840564344
-7361606255491777145
-8266206715006991579
1183416690486707853
8304998909831325816
-9184358784585808047
3718330567954916309
6057578968889374870
-2862561170752304637
2268827376874419298
-2710520688381435764
-3185336418449666975
6244772600951701528
3118012417176200953
5971253186274813512
-4409737702984246908
-484893525209719233
6781089859894055876
-5249979963216410708
-7714150040000361865
1966081860983889306
2246365929802474402
1642668612429494448
-779098589015330537
2523580807291849034
-7561338784516422580
-2376566864131060568
682335792039501995
5415849263638585055
-2185777128316995133
-8639842722802460410
-6765156724735685095
8154621732281042944
-9059658784817121059
3682925334573723175
-6306301774058238611
-5499081695799734269
-1581108129378171688
8541161170937428210
9162955100843081522
4285602076825985820
6885657696468527016
-3064268238432264889
-2381314549632490310
-5916594975790162642
-2946225232880268473
79701154536258008
3696985018356685969
-2124214748148440590
-4879906682217015330
7659719702928955188
3954335125532835028
-4456139906801617416
-7614424903582410381
9151285123481991033
-8655355874798520689
330527411129058352
-7218922942960008065
3628005836801336230
2733238636323519199
-746726346557843136
1829534188351408474
5113833927428373148
-6552238782956087288
669023595704811611
-6995840837503462047
-5209897631791160316
1098736199991765674
-7151891820504527710
3364355597830055960
-5271025549419629639
-9044029399902427173
-8963588195600722776
7413666785212852097
-8519377805256472696
-3514343982211135687
2225884169444427277
7778253887750064800
2604954496734660665
-8581563979638160675
-7338578386246974476
-258281158947982417
8014163298514777029
-8473245437381547006
-1734689097375452837
-4597379457186254452
-65652303253947779
-4239104234716987253
4411841014672487555
3519411022409239127
-5951608524344905610
7111209557484616406
6400497572114594006
110650349332432029
1742473191605151822
3624566459699234627
-3464045051598543228
-2163184307632732282
-2514743548206366967
-1994330244924582710
-6168344017603942168
-725058196913561048
-1597779909354642182
-8072001245261009007
7868074289502595334
-7219540228444394365
-2469969033869909591
979648895853525837
-5047735872083218306
-4770680355318160355
90585445590455763
-8512012539639039548
1918207312473253293
7997907791709396066
-3455581403831877221
7328742574294029168
-1395212893588706691
318655917490699257
-9026994160733496387
7616169265156676355
-2600382176173764581
1129047973846456305
9030568364430383492
-3644450053959585725
-3824858357307455637
-8492763990906028038
6070353373864052970
-3871647711459550623
2465647768894274238
-2454623194240994144
2079613040941731860
8413106732640660401
658583431217496376
294920781974011157
3541847112818412604
-7235252755141952689
7150213768029909230
796670500901612374
3220635951316110930
