-2825318976064776997
-7676747907121298879
-2202565674138289499
2773688588757040153
-4174917421578453368
-1539116219771376391
7689348241046330162
3656666283514925126
-2483000018876239957
-7055531494298463954
1484697538749116891
8631141546343337074
7819160864026785376
1747556010527027213
7916073347079986341
-3435784252669882456
4186571357688136048
-5411410334487518850
-6643238484421380709
-2474694347073914146
-7802998207708529608
4767384675406464693
8083895416799625298
1505271977406934371
-5360632576105630260
-6270849369801817515
1445577040415663864
6821592881464572039
-3164497534275153634
-6283616709738717347
-8578214470301251855
-551963296117965877
-7672219519284132525
1804330840159166820
6720039863110690030
-4074527452118286138
7918238794810571046
-8737858630898445913
-1132085979078561912
6622223741104318188
-7909374363283439043
1176596748843806976
4291086005600818257
1023516873714293785
-7447663214988192678
2766849075315913519
-1728774613150403103
3167624928679640292
-350903416226087139
6983558687927684312
-5991658548888910030
-3697880352537190766
33653501913165991
4199182166440179242
-4536349063408893628
1296040558566866701
7000351894898991303
-6263746484022421592
8132860364722662783
-193136665195533197
2200796424694871684
-1434666873484371291
359758443702399095
-7346364468710312869
-13434731295626748
-321725306690688436
-6019977192505570382
6956541786786545891
-7956574463655907044
3664732749122791525
3361250218317200068
-5396681867147155407
-7203646961370591158
-2696799482973833407
142053895029160938
386374382321619596
-2268121385735043360
4064440178710296159
-1925700470781430563
6118583649477507701
-8373150884955472682
6511860577988403547
-7730022655718735344
-4805801921054745184
-3555559630194338499
-9216801361682399396
6351506235027890911
-2667502454426247005
1543199065789812138
3546480849180757209
-7822453494024040022
5967616612590622777
-5744287230659423851
-9049358793289319724
-4261590326419621427
6162362746903123945
3247086517827462613
4279251357175512918
-9184430038034334935
-4080622524057910900
-4646034234540512064
-769281413644581996
-4274669309187231363
-3852979522181686223
-6309771234427869354
8523914053068343030
-3587705289519467033
8961946833217864260
1080590356553767737
-5904328438258079536
-1780189889250636613
-6713202640096350891
6039035381202268987
-2308088169984513311
5029605704926808725
-8771464226157113569
5368393173733891982
128337850124529555
6322611697320337017
1339685849866870952
3320122178235679321
2294610375516501110
646398638014174712
478051846540095285
7929948179875310598
-6101031839259226873
-5103642197290777879
9162487727075724597
-2064147834384414831
2608553701962098291
2609952818070152232
290062038213097048
2740487281305471504
3338735031779274738
-8747060730085225397
9209525691416118711
-8900402819403945197
-8466118461115491721
-151958558667091326
8154121100925197756
6481614968570591162
-6334903746422867706
3112469696513566618
-340175782111007451
-6971381916724799736
-8177357458742604380
7057213920389111393
7550526955427600295
2321111933829525940
-5222173093072189465
-7914194771007753197
-7139265785465102944
-8388120308996494323
108710230909521837
6552099469110455143
-8794916800473651553
5101813685321790033
913452088582583521
-508913238649953719
-7698146992632617717
4280176940229193718
938583937593130430
-4634658900523827966
9185376437892341601
4653885327779823289
-5910318522205577716
-8274525298139115913
1065450222086017661
-5010855975789517037
3743417504433078619
-1419592026414739422
7172089015169993766
5552829287388806886
-4508620711958488552
6715428194023355534
8234929500247246172
4917940169101570619
-172770956800238121
5112643298738101522
-3845383316498603278
-7942149421116738152
-7609596928337985922
4925077681114649801
6620126062185939108
-4367141303118710429
5042867933069648680
3920171448665511589
-1468076483512018114
3022743751000971075
2447001294800134375
8084154685821091736
3156036874810648903
3874164269727784860
7575260529043360192
4882342447522264578
2519752258253518351
649264132476808766
4854150742717323555
8146755846749977984
8228402470034416840
8850142638946694751
5486195135587466148
6778296324005973940
9057851876347026501
4962518481669737903
-2679280766593385037
-7373883206339829646
-2428151079104393999
-7288056352963866059
885983389362762334
-6111919050031754415
-3508338026306813493
938990806311361967
-7688372686378775848
-4758549651328865214
-5504355185273705748
-2385417221815962764
9219773480485077503
-5760046613001892975
1170519982748402652
-6479398322133959251
1371695073422165530
-1621206503933268210
1193033296506243781
5677536722824475107
7885940782876356546
-5291275716413413084
-4307324054839555376
-4426035491246640445
-7611589632211565629
182783322254601034
363227082363684077
6783962616367059080
9174691794835099511
-2918058331096267004
8490402700627644751
-33504267498246289
-5388903254375357910
-2624086225445913254
-9210088559966003357
5852308648690380942
7237276299905735104
3040975546036151786
2775035096007617182
6901750220690333644
-5041964623078361814
3743896657195351388
5112524724459190136
2816034377676887375
-9187201876938947223
-6950551236865598401
8844232691520342592
5344198124194104658
-4295886351870607115
5926052624919662922
-5479162914784269602
